//=============================================================================
//MODULE PETEFFECT - GAMINGMASTER ©
//COPYRIGHT: TAKUMI12
//=============================================================================
//Descripcion:
//Type: Dinamic - 1; Statiac - 2; Skill - 3;
//Size: Size of Effect in game
//Timer: LargeRand for SkillEffect
//Join(x): Posicion Effect in Model Pet
//=============================================================================
///////////////////////////////////////////////////////////////////////////////
//------------------------------ < PETS > -------------------------------------
///////////////////////////////////////////////////////////////////////////////
//=============================================================================
//ItemIndex	Join	Type	Effect	Size	Timer	ColorR	ColorG	ColorB
//-- Dinamic
6886		42	1	32394	0.750	30	0.35	0.68	1.0
6886		52	1	32394	0.750	30	0.35	0.68	1.0
6886		74	1	32394	0.750	30	0.35	0.68	1.0
6886		85	1	32394	0.750	30	0.35	0.68	1.0
//-- Static
6886		17	2	32380	0.750	100	0.08	0.08	1.0
6886		18	2	32380	0.750	100	0.08	0.08	1.0
6886		23	2	32380	0.750	100	0.08	0.08	1.0
6886		28	2	32380	0.750	100	0.08	0.08	1.0
6886		29	2	32380	0.750	100	0.08	0.08	1.0
6886		33	2	32380	0.750	100	0.08	0.08	1.0
6886		34	2	32380	0.750	100	0.08	0.08	1.0
6886		63	2	32380	0.750	100	0.08	0.08	1.0
6886		96	2	32380	0.750	100	0.08	0.08	1.0
6886		97	2	32380	0.750	100	0.08	0.08	1.0
6886		98	2	32380	0.750	100	0.08	0.08	1.0
6886		99	2	32380	0.750	100	0.08	0.08	1.0
6886		103	2	32380	0.750	100	0.08	0.08	1.0
6886		31	2	32380	0.750	100	0.08	0.08	1.0
6886		64	2	32380	0.750	100	0.08	0.08	1.0
6886		65	2	32380	0.750	100	0.08	0.08	1.0
6886		66	2	32380	0.750	100	0.08	0.08	1.0
6886		90	2	32380	0.750	100	0.08	0.08	1.0
6886		42	2	32380	0.750	100	0.08	0.08	1.0
6886		52	2	32380	0.750	100	0.08	0.08	1.0
6886		74	2	32380	0.750	100	0.08	0.08	1.0
6886		85	2	32380	0.750	100	0.08	0.08	1.0
6886		43	2	32380	0.750	100	0.08	0.08	1.0
6886		44	2	32380	0.750	100	0.08	0.08	1.0
6886		45	2	32380	0.750	100	0.08	0.08	1.0
6886		53	2	32380	0.750	100	0.08	0.08	1.0
6886		54	2	32380	0.750	100	0.08	0.08	1.0
6886		58	2	32380	0.750	100	0.08	0.08	1.0
6886		75	2	32380	0.750	100	0.08	0.08	1.0
6886		76	2	32380	0.750	100	0.08	0.08	1.0
6886		77	2	32380	0.750	100	0.08	0.08	1.0
6886		86	2	32380	0.750	100	0.08	0.08	1.0
6886		87	2	32380	0.750	100	0.08	0.08	1.0
6886		88	2	32380	0.750	100	0.08	0.08	1.0
6886		78	2	32380	0.750	100	0.08	0.08	1.0
6886		89	2	32380	0.750	100	0.08	0.08	1.0
//--PetWolf
6856		15	3	298	0.750	100	0.08	0.08	1.0
end