0
//Index	Money	RateAL0	RateAL1	RateAL2	RateAL3	CGroup	CItem	ExeRand
58	1000	100	100	100	100	1	8	0
148	1000	100	100	100	100	27	6	0
150	1000	100	100	100	100	27	6	0
151	1000	100	100	100	100	27	6	0
end

1
//Index	ItemMix	level	Count	commnet
58	6285	2	1	//Jewel Chaos
58	6174	2	1	//Jewel Bless
58	6175	2	1	//Jewel Soul
58	6281	2	1	//Jewel Creation
58	6821	0	1	//Garuda's Feather
58	6822	0	1	//Garuda's Flame
58	6823	0	1	//Golden Sentences
58	6826	0	1	//Greater Spirit Stone
//-- SET HOLYANGEL
148	6809	0	1	//HolyAngel Soul
148	6159	0	1	//Jewel Chaos
148	6174	2	1	//Jewel Bless
148	6175	2	1	//Jewel Soul
148	7190	0	1	//Jewel Creation
//-- SET AWAKENING
150	6831	0	1	//Awakening Soul
150	6159	0	1	//Jewel Chaos
150	6174	2	1	//Jewel Bless
150	6175	2	1	//Jewel Soul
150	7190	0	1	//Jewel Creation
//-- SET BLUE EYES
151	6829	0	1	//Cold Horn
151	6159	0	1	//Jewel Chaos
151	6174	2	1	//Jewel Bless
151	6175	2	1	//Jewel Soul
151	7190	0	1	//Jewel Creation
end

2
//Index	Group	Count	ItemMin	ItemMax	MinLvl	Skill	Luck	MinOpc	ExeOpc	SetOpc
//-- HELM DARKANGEL
148	0	1	3722	3722	11	0	-1	4	-1	0
148	1	1	3723	3723	11	0	-1	4	-1	0
148	2	1	3724	3724	11	0	-1	4	-1	0
148	3	1	3725	3725	11	0	-1	4	-1	0
148	4	1	3727	3727	11	0	-1	4	-1	0
148	5	1	3728	3728	11	0	-1	4	-1	0
//-- ARMOR DARKANGEL
148	6	1	4234	4234	11	0	-1	4	-1	0
148	7	1	4235	4235	11	0	-1	4	-1	0
148	8	1	4236	4236	11	0	-1	4	-1	0
148	9	1	4237	4237	11	0	-1	4	-1	0
148	10	1	4238	4238	11	0	-1	4	-1	0
148	11	1	4239	4239	11	0	-1	4	-1	0
148	12	1	4240	4240	11	0	-1	4	-1	0
//-- PANTS DARKANGEL
148	13	1	4746	4746	11	0	-1	4	-1	0
148	14	1	4747	4747	11	0	-1	4	-1	0
148	15	1	4748	4748	11	0	-1	4	-1	0
148	16	1	4749	4749	11	0	-1	4	-1	0
148	17	1	4750	4750	11	0	-1	4	-1	0
148	18	1	4751	4751	11	0	-1	4	-1	0
148	19	1	4752	4752	11	0	-1	4	-1	0
//-- GLOVES DARKANGEL
148	20	1	5259	5259	11	0	-1	4	-1	0
148	21	1	5260	5260	11	0	-1	4	-1	0
148	22	1	5261	5261	11	0	-1	4	-1	0
148	23	1	5263	5263	11	0	-1	4	-1	0
//-- BOOTS DARKANGEL
148	24	1	5770	5770	11	0	-1	4	-1	0
148	25	1	5774	5774	11	0	-1	4	-1	0
148	26	1	5776	5776	11	0	-1	4	-1	0
//-- HELM HOLYANGEL
150	0	1	3734	3734	11	0	-1	4	-1	0
150	1	1	3735	3735	11	0	-1	4	-1	0
150	2	1	3736	3736	11	0	-1	4	-1	0
150	3	1	3737	3737	11	0	-1	4	-1	0
150	4	1	3739	3739	11	0	-1	4	-1	0
150	5	1	3740	3740	11	0	-1	4	-1	0
//-- ARMOR HOLYANGEL
150	6	1	4246	4246	11	0	-1	4	-1	0
150	7	1	4247	4247	11	0	-1	4	-1	0
150	8	1	4248	4248	11	0	-1	4	-1	0
150	9	1	4249	4249	11	0	-1	4	-1	0
150	10	1	4250	4250	11	0	-1	4	-1	0
150	11	1	4251	4251	11	0	-1	4	-1	0
150	12	1	4252	4252	11	0	-1	4	-1	0
//-- PANTS HOLYANGEL
150	13	1	4758	4758	11	0	-1	4	-1	0
150	14	1	4759	4759	11	0	-1	4	-1	0
150	15	1	4760	4760	11	0	-1	4	-1	0
150	16	1	4761	4761	11	0	-1	4	-1	0
150	17	1	4762	4762	11	0	-1	4	-1	0
150	18	1	4763	4763	11	0	-1	4	-1	0
150	19	1	4764	4764	11	0	-1	4	-1	0
//-- GLOVES HOLYANGEL
150	20	1	5271	5271	11	0	-1	4	-1	0
150	21	1	5272	5272	11	0	-1	4	-1	0
150	22	1	5273	5273	11	0	-1	4	-1	0
150	23	1	5275	5275	11	0	-1	4	-1	0
//-- BOOTS HOLYANGEL
150	24	1	5782	5782	11	0	-1	4	-1	0
150	25	1	5786	5786	11	0	-1	4	-1	0
150	26	1	5788	5788	11	0	-1	4	-1	0
//------------------------------------------------------------------------------------------------------------------------
//-- HELM AWAKENING
151	0	1	3690	3690	11	0	-1	4	-1	0
151	1	1	3691	3691	11	0	-1	4	-1	0
151	2	1	3692	3692	11	0	-1	4	-1	0
151	3	1	3693	3693	11	0	-1	4	-1	0
151	4	1	3695	3695	11	0	-1	4	-1	0
151	5	1	3696	3696	11	0	-1	4	-1	0
//-- ARMOR AWAKENING
151	6	1	4202	4202	11	0	-1	4	-1	0
151	7	1	4203	4203	11	0	-1	4	-1	0
151	8	1	4204	4204	11	0	-1	4	-1	0
151	9	1	4205	4205	11	0	-1	4	-1	0
151	10	1	4206	4206	11	0	-1	4	-1	0
151	11	1	4207	4207	11	0	-1	4	-1	0
151	12	1	4208	4208	11	0	-1	4	-1	0
//-- PANTS AWAKENING
151	13	1	4714	4714	11	0	-1	4	-1	0
151	14	1	4715	4715	11	0	-1	4	-1	0
151	15	1	4716	4716	11	0	-1	4	-1	0
151	16	1	4717	4717	11	0	-1	4	-1	0
151	17	1	4718	4718	11	0	-1	4	-1	0
151	18	1	4719	4719	11	0	-1	4	-1	0
151	19	1	4720	4720	11	0	-1	4	-1	0
//-- GLOVES AWAKENING
151	20	1	5227	5227	11	0	-1	4	-1	0
151	21	1	5228	5228	11	0	-1	4	-1	0
151	22	1	5229	5229	11	0	-1	4	-1	0
151	23	1	5231	5231	11	0	-1	4	-1	0
//-- BOOTS AWAKENING
151	24	1	5738	5738	11	0	-1	4	-1	0
151	25	1	5742	5742	11	0	-1	4	-1	0
151	26	1	5744	5744	11	0	-1	4	-1	0
end
//------------------------------------------------------------------------------------------------------------------------

3
//Index	Group	ItemMin	ItemMax	ItemLvl	Skill	Luck	AddOpc	ExeOpc	SetOpc
//-- WINGS LEVEL4
58	0	6300	6306	0	0	-1	-1	-1	0
//-- HELM HOLYANGEL
148	0	3734	3734	11	0	-1	-1	0	0
148	1	3735	3735	11	0	-1	-1	0	0
148	2	3736	3736	11	0	-1	-1	0	0
148	3	3737	3737	11	0	-1	-1	0	0
148	4	3739	3739	11	0	-1	-1	0	0
148	5	3740	3740	11	0	-1	-1	0	0
//-- ARMOR HOLYANGEL
148	6	4246	4246	11	0	-1	-1	0	0
148	7	4247	4247	11	0	-1	-1	0	0
148	8	4248	4248	11	0	-1	-1	0	0
148	9	4249	4249	11	0	-1	-1	0	0
148	10	4250	4250	11	0	-1	-1	0	0
148	11	4251	4251	11	0	-1	-1	0	0
148	12	4252	4252	11	0	-1	-1	0	0
//-- PANTS HOLYANGEL
148	13	4758	4758	11	0	-1	-1	0	0
148	14	4759	4759	11	0	-1	-1	0	0
148	15	4760	4760	11	0	-1	-1	0	0
148	16	4761	4761	11	0	-1	-1	0	0
148	17	4762	4762	11	0	-1	-1	0	0
148	18	4763	4763	11	0	-1	-1	0	0
148	19	4764	4764	11	0	-1	-1	0	0
//-- GLOVES HOLYANGEL
148	20	5271	5271	11	0	-1	-1	0	0
148	21	5272	5272	11	0	-1	-1	0	0
148	22	5273	5273	11	0	-1	-1	0	0
148	23	5275	5275	11	0	-1	-1	0	0
//-- BOOTS HOLYANGEL
148	24	5782	5782	11	0	-1	-1	0	0
148	25	5786	5786	11	0	-1	-1	0	0
148	26	5788	5788	11	0	-1	-1	0	0
//---------------------------------------------------------------------------------------------------
//-- HELM AWAKENING
150	0	3690	3690	11	0	-1	-1	0	0
150	1	3691	3691	11	0	-1	-1	0	0
150	2	3692	3692	11	0	-1	-1	0	0
150	3	3693	3693	11	0	-1	-1	0	0
150	4	3695	3695	11	0	-1	-1	0	0
150	5	3696	3696	11	0	-1	-1	0	0
//-- ARMOR AWAKENING
150	6	4202	4202	11	0	-1	-1	0	0
150	7	4203	4203	11	0	-1	-1	0	0
150	8	4204	4204	11	0	-1	-1	0	0
150	9	4205	4205	11	0	-1	-1	0	0
150	10	4206	4206	11	0	-1	-1	0	0
150	11	4207	4207	11	0	-1	-1	0	0
150	12	4208	4208	11	0	-1	-1	0	0
//-- PANTS AWAKENING
150	13	4714	4714	11	0	-1	-1	0	0
150	14	4715	4715	11	0	-1	-1	0	0
150	15	4716	4716	11	0	-1	-1	0	0
150	16	4717	4717	11	0	-1	-1	0	0
150	17	4718	4718	11	0	-1	-1	0	0
150	18	4719	4719	11	0	-1	-1	0	0
150	19	4720	4720	11	0	-1	-1	0	0
//-- GLOVES AWAKENING
150	20	5227	5227	11	0	-1	-1	0	0
150	21	5228	5228	11	0	-1	-1	0	0
150	22	5229	5229	11	0	-1	-1	0	0
150	23	5231	5231	11	0	-1	-1	0	0
//-- BOOTS AWAKENING
150	24	5738	5738	11	0	-1	-1	0	0
150	25	5742	5742	11	0	-1	-1	0	0
150	26	5744	5744	11	0	-1	-1	0	0
//-- HELM BLUE EYES
151	0	3748	3748	0	0	-1	-1	0	0
151	1	3749	3749	0	0	-1	-1	0	0
151	2	3750	3750	0	0	-1	-1	0	0
151	3	3751	3751	0	0	-1	-1	0	0
151	4	3753	3753	0	0	-1	-1	0	0
151	5	3754	3754	0	0	-1	-1	0	0
//-- ARMOR BLUE EYES
151	6	4260	4260	0	0	-1	-1	0	0
151	7	4261	4261	0	0	-1	-1	0	0
151	8	4262	4262	0	0	-1	-1	0	0
151	9	4263	4263	0	0	-1	-1	0	0
151	10	4264	4264	0	0	-1	-1	0	0
151	11	4265	4265	0	0	-1	-1	0	0
151	12	4266	4266	0	0	-1	-1	0	0
//-- PANTS BLUE EYES
151	13	4772	4772	0	0	-1	-1	0	0
151	14	4773	4773	0	0	-1	-1	0	0
151	15	4774	4774	0	0	-1	-1	0	0
151	16	4775	4775	0	0	-1	-1	0	0
151	17	4776	4776	0	0	-1	-1	0	0
151	18	4777	4777	0	0	-1	-1	0	0
151	19	4778	4778	0	0	-1	-1	0	0
//-- GLOVES BLUE EYES
151	20	5285	5285	0	0	-1	-1	0	0
151	21	5286	5286	0	0	-1	-1	0	0
151	22	5287	5287	0	0	-1	-1	0	0
151	23	5289	5289	0	0	-1	-1	0	0
//-- BOOTS BLUE EYES
151	24	5796	5796	0	0	-1	-1	0	0
151	25	5800	5800	0	0	-1	-1	0	0
151	26	5802	5802	0	0	-1	-1	0	0
end