0
0	6	613	0	0	610	611	0	0	0	0	1	1	10	65	3000000	1	32	0	0	0	0	0	0	0	0	0	0	0	0	0	0	0	0	0	0	0	0	0	0	0	0	0	0	0	0	0	0	0	0	0	0	0	0	0	0	0	0	0	0	0	0	0	0	0	0	0	0	0	0	0	0	0	0	0	0	0	0	0	0	0	90	65	65	85	0	7190	7190	0	255	0	255	0	255	1	1	0	6159	6159	0	255	0	255	0	255	1	1	0	0	0	0	0	0	0	0	0	0	0	0	0	0	0	0	0	0	0	0	0	0	0	0	0	0	0	0	0	0	0	0	0	0	0	0	0	0	0	0	0	0	0	0	0	0	0	0	0	0	0	0	0	0	0	0	0	0	0	0	0	0	0	0	0	0	0	2
1	3	604	0	0	606	607	608	0	0	0	5	4	10	65	2000000	3	0	1112014848	1	0	64	0	0	0	0	0	0	0	0	0	0	0	0	0	0	0	0	0	0	0	0	0	0	0	0	0	0	0	0	0	0	0	0	0	0	0	0	0	0	0	0	0	0	0	0	0	0	0	0	0	0	0	0	0	0	0	0	0	0	0	75	69	65	65	0	0	7167	9	9	0	255	0	255	1	1	1	6159	6159	0	255	0	255	0	255	1	1	0	7181	7181	0	255	0	255	0	255	1	1	0	7182	7182	0	255	0	255	0	255	1	1	0	0	0	0	0	0	0	0	0	0	0	0	0	0	0	0	0	0	0	0	0	0	0	0	0	0	0	0	0	0	0	0	0	0	0	0	0	0	0	0	0	0	0	0	0	4
2	3	604	0	0	606	607	608	0	0	0	5	4	10	65	2000000	3	0	1112014848	1	0	64	0	0	0	0	0	0	0	0	0	0	0	0	0	0	0	0	0	0	0	0	0	0	0	0	0	0	0	0	0	0	0	0	0	0	0	0	0	0	0	0	0	0	0	0	0	0	0	0	0	0	0	0	0	0	0	0	0	0	0	75	69	65	65	0	0	7167	9	9	0	255	0	255	1	1	4	6159	6159	0	255	0	255	0	255	1	1	0	7181	7181	0	255	0	255	0	255	1	1	0	7182	7182	0	255	0	255	0	255	1	1	0	0	0	0	0	0	0	0	0	0	0	0	0	0	0	0	0	0	0	0	0	0	0	0	0	0	0	0	0	0	0	0	0	0	0	0	0	0	0	0	0	0	0	0	0	4
3	3	604	0	0	606	607	608	0	0	0	5	4	10	65	2000000	3	0	1112014848	1	0	64	0	0	0	0	0	0	0	0	0	0	0	0	0	0	0	0	0	0	0	0	0	0	0	0	0	0	0	0	0	0	0	0	0	0	0	0	0	0	0	0	0	0	0	0	0	0	0	0	0	0	0	0	0	0	0	0	0	0	0	75	69	65	65	0	0	7167	9	9	0	255	0	255	1	1	2	6159	6159	0	255	0	255	0	255	1	1	0	7181	7181	0	255	0	255	0	255	1	1	0	7182	7182	0	255	0	255	0	255	1	1	0	0	0	0	0	0	0	0	0	0	0	0	0	0	0	0	0	0	0	0	0	0	0	0	0	0	0	0	0	0	0	0	0	0	0	0	0	0	0	0	0	0	0	0	0	4
4	3	604	0	0	606	607	608	0	0	0	5	4	10	65	2000000	3	0	1109393408	1	0	64	0	0	0	0	0	0	0	0	0	0	0	0	0	0	0	0	0	0	0	0	0	0	0	0	0	0	0	0	0	0	0	0	0	0	0	0	0	0	0	0	0	0	0	0	0	0	0	0	0	0	0	0	0	0	0	0	0	0	0	65	69	65	65	0	0	7167	9	9	0	255	0	255	1	1	16	6159	6159	0	255	0	255	0	255	1	1	0	7181	7181	0	255	0	255	0	255	1	1	0	7182	7182	0	255	0	255	0	255	1	1	0	0	0	0	0	0	0	0	0	0	0	0	0	0	0	0	0	0	0	0	0	0	0	0	0	0	0	0	0	0	0	0	0	0	0	0	0	0	0	0	0	0	0	0	0	4
5	3	604	0	0	606	607	608	0	0	0	5	4	10	65	2000000	3	0	1114636288	1	0	64	0	0	0	0	0	0	0	0	0	0	0	0	0	0	0	0	0	0	0	0	0	0	0	0	0	0	0	0	0	0	0	0	0	0	0	0	0	0	0	0	0	0	0	0	0	0	0	0	0	0	0	0	0	0	0	0	0	0	0	85	69	65	65	0	0	7167	9	9	0	255	0	255	1	1	0	6159	6159	0	255	0	255	0	255	1	1	0	7181	7181	0	255	0	255	0	255	1	1	0	7182	7182	0	255	0	255	0	255	1	1	0	0	0	0	0	0	0	0	0	0	0	0	0	0	0	0	0	0	0	0	0	0	0	0	0	0	0	0	0	0	0	0	0	0	0	0	0	0	0	0	0	0	0	0	0	4
6	4	605	0	0	606	607	608	0	0	0	5	4	10	65	4000000	3	0	1112014848	1	0	64	0	0	0	0	0	0	0	0	0	0	0	0	0	0	0	0	0	0	0	0	0	0	0	0	0	0	0	0	0	0	0	0	0	0	0	0	0	0	0	0	0	0	0	0	0	0	0	0	0	0	0	0	0	0	0	0	0	0	0	75	69	65	65	0	0	7167	10	10	0	255	0	255	1	1	1	6159	6159	0	255	0	255	0	255	1	1	0	7181	7181	0	255	0	255	0	255	2	2	0	7182	7182	0	255	0	255	0	255	2	2	0	0	0	0	0	0	0	0	0	0	0	0	0	0	0	0	0	0	0	0	0	0	0	0	0	0	0	0	0	0	0	0	0	0	0	0	0	0	0	0	0	0	0	0	0	4
7	4	605	0	0	606	607	608	0	0	0	5	4	10	65	4000000	3	0	1112014848	1	0	64	0	0	0	0	0	0	0	0	0	0	0	0	0	0	0	0	0	0	0	0	0	0	0	0	0	0	0	0	0	0	0	0	0	0	0	0	0	0	0	0	0	0	0	0	0	0	0	0	0	0	0	0	0	0	0	0	0	0	0	75	69	65	65	0	0	7167	10	10	0	255	0	255	1	1	4	6159	6159	0	255	0	255	0	255	1	1	0	7181	7181	0	255	0	255	0	255	2	2	0	7182	7182	0	255	0	255	0	255	2	2	0	0	0	0	0	0	0	0	0	0	0	0	0	0	0	0	0	0	0	0	0	0	0	0	0	0	0	0	0	0	0	0	0	0	0	0	0	0	0	0	0	0	0	0	0	4
8	4	605	0	0	606	607	608	0	0	0	5	4	10	65	4000000	3	0	1112014848	1	0	64	0	0	0	0	0	0	0	0	0	0	0	0	0	0	0	0	0	0	0	0	0	0	0	0	0	0	0	0	0	0	0	0	0	0	0	0	0	0	0	0	0	0	0	0	0	0	0	0	0	0	0	0	0	0	0	0	0	0	0	75	69	65	65	0	0	7167	10	10	0	255	0	255	1	1	2	6159	6159	0	255	0	255	0	255	1	1	0	7181	7181	0	255	0	255	0	255	2	2	0	7182	7182	0	255	0	255	0	255	2	2	0	0	0	0	0	0	0	0	0	0	0	0	0	0	0	0	0	0	0	0	0	0	0	0	0	0	0	0	0	0	0	0	0	0	0	0	0	0	0	0	0	0	0	0	0	4
9	4	605	0	0	606	607	608	0	0	0	5	4	10	65	4000000	3	0	1109393408	1	0	64	0	0	0	0	0	0	983552	16781312	0	0	0	0	0	0	0	0	0	0	0	0	0	0	0	0	0	0	0	0	0	0	0	0	0	0	0	0	0	0	0	0	0	0	0	0	0	0	0	0	0	0	0	0	0	0	0	0	0	0	0	65	69	65	65	0	0	7167	10	10	0	255	0	255	1	1	16	6159	6159	0	255	0	255	0	255	1	1	0	7181	7181	0	255	0	255	0	255	2	2	0	7182	7182	0	255	0	255	0	255	2	2	0	0	0	0	0	0	0	0	0	0	0	0	0	0	0	0	0	0	0	0	0	0	0	0	0	0	0	0	0	0	0	0	0	0	0	0	0	0	0	0	0	0	0	0	0	4
10	4	605	0	0	606	607	608	0	0	0	5	4	10	65	4000000	3	0	1114636288	1	0	64	0	0	0	0	0	0	0	0	0	0	0	0	0	0	0	0	0	0	0	0	0	0	0	0	0	0	0	0	0	0	0	0	0	0	0	0	0	0	0	0	0	0	0	0	0	0	0	0	0	0	0	0	0	0	0	0	0	0	0	85	69	65	65	0	0	7167	10	10	0	255	0	255	1	1	0	6159	6159	0	255	0	255	0	255	1	1	0	7181	7181	0	255	0	255	0	255	2	2	0	7182	7182	0	255	0	255	0	255	2	2	0	0	0	0	0	0	0	0	0	0	0	0	0	0	0	0	0	0	0	0	0	0	0	0	0	0	0	0	0	0	0	0	0	0	0	0	0	0	0	0	0	0	0	0	0	4
11	11	614	0	0	610	611	0	0	0	0	5	4	10	66	10000	3	33	0	4	0	0	1184645120	0	0	0	0	0	0	0	0	0	0	0	0	0	0	0	0	0	0	0	0	0	0	0	0	0	0	0	0	0	0	0	0	0	0	0	0	0	0	0	0	0	0	0	0	0	0	0	0	0	0	0	0	0	0	0	0	0	0	100	65	65	85	0	1030	1030	4	255	4	255	0	255	1	1	0	6159	6159	0	255	0	255	0	255	1	255	0	7182	7182	0	255	0	255	0	255	0	255	0	7181	7181	0	255	0	255	0	255	0	255	0	0	6143	4	255	4	255	0	255	0	255	0	0	0	0	0	0	0	0	0	0	0	0	0	0	0	0	0	0	0	0	0	0	0	0	0	0	0	0	0	0	0	0	0	0	5
12	11	614	0	0	610	611	0	0	0	0	5	4	10	66	10000	3	33	0	4	0	0	1184645120	0	0	0	0	0	0	0	0	0	0	0	0	0	0	0	0	0	0	0	0	0	0	0	0	0	0	0	0	0	0	0	0	0	0	0	0	0	0	0	0	0	0	0	0	0	0	0	0	0	0	0	0	0	0	0	0	0	0	100	65	65	85	0	2054	2054	4	255	4	255	0	255	1	1	0	6159	6159	0	255	0	255	0	255	1	255	0	7182	7182	0	255	0	255	0	255	0	255	0	7181	7181	0	255	0	255	0	255	0	255	0	0	6143	4	255	4	255	0	255	0	255	0	0	0	0	0	0	0	0	0	0	0	0	0	0	0	0	0	0	0	0	0	0	0	0	0	0	0	0	0	0	0	0	0	0	5
13	11	614	0	0	610	611	0	0	0	0	5	4	10	66	10000	3	33	0	4	0	0	1184645120	0	0	0	0	0	0	0	0	0	0	0	0	0	0	0	0	0	0	0	0	0	0	0	0	0	0	0	0	0	0	0	0	0	0	0	0	0	0	0	0	0	0	0	0	0	0	0	0	0	0	0	0	0	0	0	0	0	0	100	65	65	85	0	2567	2567	4	255	4	255	0	255	1	1	0	6159	6159	0	255	0	255	0	255	1	255	0	7182	7182	0	255	0	255	0	255	0	255	0	7181	7181	0	255	0	255	0	255	0	255	0	0	6143	4	255	4	255	0	255	0	255	0	0	0	0	0	0	0	0	0	4653568	16781312	0	0	0	0	0	0	0	0	0	0	0	0	0	0	0	0	0	0	0	0	0	0	0	5
14	7	614	0	0	610	611	0	0	0	0	5	4	10	65	5000000	13	7	0	5	0	34	0	4	0	0	1249125376	6	0	1	0	7	0	5	0	35	0	4	0	0	1193033728	6	0	0	0	0	0	0	0	0	0	0	0	0	0	0	0	0	0	0	0	0	0	0	0	0	0	0	0	0	0	0	0	0	0	0	0	0	0	0	0	90	65	65	85	0	6144	6146	0	255	0	255	0	255	1	1	0	6670	6670	0	0	0	255	0	255	1	1	0	6159	6159	0	255	0	255	0	255	1	1	0	0	6143	4	255	0	255	0	255	0	255	1	0	0	0	0	0	0	0	0	0	0	0	0	0	0	0	0	0	0	0	0	0	0	0	0	0	0	0	0	0	0	0	0	0	0	0	0	0	0	0	0	0	0	0	0	4
15	7	614	0	0	610	611	0	0	0	0	5	4	10	65	5000000	13	7	0	5	0	34	0	4	0	0	1249125376	6	0	1	0	7	0	5	0	35	0	4	0	0	1193033728	6	0	0	0	0	0	0	0	0	0	0	0	0	0	0	0	0	0	0	0	0	0	0	0	0	0	0	0	0	0	0	0	0	0	0	0	0	0	0	0	90	65	65	85	0	6185	6185	0	255	0	255	0	255	1	1	0	6670	6670	0	0	0	255	0	255	1	1	0	6159	6159	0	255	0	255	0	255	1	1	0	0	6143	4	255	0	255	0	255	0	255	1	0	0	0	0	0	0	0	0	0	0	0	0	0	0	0	0	0	0	0	0	0	0	0	0	0	0	0	0	0	0	0	0	0	0	0	0	0	0	0	0	0	0	0	0	4
16	5	612	0	0	610	611	0	0	0	0	1	1	10	65	500000	1	32	0	0	0	0	0	0	0	0	0	0	0	0	0	0	0	0	0	0	0	0	0	0	0	0	0	0	0	0	0	0	0	0	0	0	0	0	0	0	0	0	0	0	0	0	0	0	0	0	0	0	0	0	0	0	0	0	0	0	0	0	0	0	0	70	65	85	85	0	6658	6658	0	255	0	255	0	255	10	10	0	6159	6159	0	255	0	255	0	255	1	1	0	0	0	0	0	0	0	0	0	0	0	0	0	0	0	0	0	0	0	0	0	0	0	0	0	0	0	0	0	0	0	0	0	0	0	0	0	0	0	0	0	0	0	0	0	0	0	0	0	0	0	0	0	0	0	0	0	0	0	0	0	0	0	0	0	0	0	2
17	8	615	0	0	610	611	0	600	0	0	2	2	15	65	50000	1	32	0	0	0	0	0	0	0	0	0	0	0	0	0	0	0	0	0	0	0	0	0	0	0	0	0	0	0	0	0	0	0	0	0	0	0	0	0	0	0	0	0	0	0	0	0	0	0	0	0	0	0	0	0	0	0	0	0	0	0	0	0	0	0	80	70	65	85	0	6672	6672	1	1	0	255	0	255	1	1	0	6673	6673	1	1	0	255	0	255	1	1	0	6159	6159	0	255	0	255	0	255	1	1	0	0	0	0	0	0	0	0	0	0	0	0	0	0	0	0	0	0	0	0	0	0	0	0	0	0	0	0	0	0	0	0	0	0	0	0	0	0	0	0	0	0	0	0	0	0	0	0	0	0	0	0	0	0	0	0	3
18	8	615	0	0	610	611	0	600	0	0	2	2	15	65	80000	1	32	0	0	0	0	0	0	0	0	0	0	0	0	0	0	0	0	0	0	0	0	0	0	0	0	0	0	0	0	0	0	0	0	0	0	0	0	0	0	0	0	0	0	0	0	0	0	0	0	0	0	0	0	0	0	0	0	0	0	0	0	0	0	0	80	70	65	85	0	6672	6672	2	2	0	255	0	255	1	1	0	6673	6673	2	2	0	255	0	255	1	1	0	6159	6159	0	255	0	255	0	255	1	1	0	0	0	0	0	0	0	0	0	0	0	0	0	0	0	0	0	0	0	0	0	0	0	0	0	0	0	0	0	0	0	0	0	0	0	0	0	0	0	0	0	0	0	0	0	0	0	0	0	0	0	0	0	0	0	0	3
19	8	615	0	0	610	611	0	600	0	0	2	2	15	65	150000	1	32	0	0	0	0	0	0	0	0	0	0	0	0	0	0	0	0	0	0	0	0	0	0	0	0	0	0	0	0	0	0	0	0	0	0	0	0	0	0	0	0	0	0	0	0	0	0	0	0	0	0	0	0	0	0	0	0	0	0	0	0	0	0	0	80	70	65	85	0	6672	6672	3	3	0	255	0	255	1	1	0	6673	6673	3	3	0	255	0	255	1	1	0	6159	6159	0	255	0	255	0	255	1	1	0	0	0	0	0	0	0	0	0	0	0	0	0	0	0	0	0	0	0	0	0	0	0	0	0	0	0	0	0	0	0	0	0	0	0	0	0	0	0	0	0	0	0	0	0	0	0	0	0	0	0	0	0	0	0	0	3
20	8	615	0	0	610	611	0	600	0	0	2	2	15	65	250000	1	32	0	0	0	0	0	0	0	0	0	0	0	0	0	0	0	0	0	0	0	0	0	0	0	0	0	0	0	0	0	0	0	0	0	0	0	0	0	0	0	0	0	0	0	0	0	0	0	0	0	0	0	0	0	0	0	0	0	0	0	0	0	0	0	80	70	65	85	0	6672	6672	4	4	0	255	0	255	1	1	0	6673	6673	4	4	0	255	0	255	1	1	0	6159	6159	0	255	0	255	0	255	1	1	0	0	0	0	0	0	0	0	0	0	0	0	0	0	0	0	0	0	0	0	0	0	0	0	0	0	0	0	0	0	0	0	0	0	0	0	0	0	0	0	0	0	0	0	0	0	0	0	0	0	0	0	0	0	0	0	3
21	8	615	0	0	610	611	0	600	0	0	2	2	15	65	400000	1	32	0	0	0	0	0	0	0	0	0	0	0	0	0	0	0	0	0	0	0	0	0	0	0	0	0	0	0	0	0	0	0	0	0	0	0	0	0	0	0	0	0	0	0	0	0	0	0	0	0	0	0	0	0	0	0	0	0	0	0	0	0	0	0	80	70	65	85	0	6672	6672	5	5	0	255	0	255	1	1	0	6673	6673	5	5	0	255	0	255	1	1	0	6159	6159	0	255	0	255	0	255	1	1	0	0	0	0	0	0	0	0	0	0	0	0	0	0	0	0	0	0	0	0	0	0	0	0	0	0	0	0	0	0	0	0	0	0	0	0	0	0	0	0	0	0	0	0	0	0	0	0	0	0	0	0	0	0	0	0	3
22	8	615	0	0	610	611	0	600	0	0	2	2	15	65	600000	1	32	0	0	0	0	0	0	0	0	0	0	0	0	0	0	0	0	0	0	0	0	0	0	0	0	0	0	0	0	0	0	0	0	0	0	0	0	0	0	0	0	0	0	0	0	0	0	0	0	0	0	0	0	0	0	0	0	0	0	0	0	0	0	0	80	70	65	85	0	6672	6672	6	6	0	255	0	255	1	1	0	6673	6673	6	6	0	255	0	255	1	1	0	6159	6159	0	255	0	255	0	255	1	1	0	0	0	0	0	0	0	0	0	0	0	0	0	0	0	0	0	0	0	0	0	0	0	0	0	0	0	0	0	0	0	0	0	0	0	0	0	0	0	0	0	0	0	0	0	0	0	0	0	0	0	0	0	0	0	0	3
23	8	615	0	0	610	611	0	600	0	0	2	2	15	65	850000	1	32	0	0	0	0	0	0	0	0	0	0	0	0	0	0	0	0	0	0	0	0	0	0	0	0	0	0	0	0	0	0	0	0	0	0	0	0	0	0	0	0	0	0	0	0	0	0	0	0	0	0	0	0	0	0	0	0	0	0	0	0	0	0	0	80	70	65	85	0	6672	6672	7	7	0	255	0	255	1	1	0	6673	6673	7	7	0	255	0	255	1	1	0	6159	6159	0	255	0	255	0	255	1	1	0	0	0	0	0	0	0	0	0	0	0	0	0	0	0	0	0	0	0	0	0	0	0	0	0	0	0	0	0	0	0	0	0	0	0	0	0	0	0	0	0	0	0	0	0	0	0	0	0	0	0	0	0	0	0	0	3
24	8	615	0	0	610	611	0	600	0	0	2	2	15	65	1050000	1	32	0	0	0	0	0	0	0	0	0	0	0	0	0	0	0	0	0	0	0	0	0	0	0	0	0	0	0	0	0	0	0	0	0	0	0	0	0	0	0	0	0	0	0	0	0	0	0	0	0	0	0	0	0	0	0	0	0	0	0	0	0	0	0	80	70	65	85	0	6672	6672	8	8	0	255	0	255	1	1	0	6673	6673	8	8	0	255	0	255	1	1	0	6159	6159	0	255	0	255	0	255	1	1	0	0	0	0	0	0	0	0	0	0	0	0	0	0	0	0	0	0	0	0	0	0	0	0	0	0	0	0	0	0	0	0	0	0	0	0	0	0	0	0	0	0	0	0	0	0	0	0	0	0	0	0	0	0	0	0	3
25	2	603	0	0	610	611	0	600	0	0	1	1	10	65	100000	1	32	0	0	0	0	0	0	0	0	0	0	0	0	0	0	0	0	0	0	0	0	0	0	0	0	0	0	0	0	0	0	0	0	0	0	0	0	0	0	0	0	0	0	0	0	0	0	0	0	0	0	0	0	0	0	0	0	0	0	0	0	0	0	0	60	70	65	85	0	7185	7185	0	0	0	255	0	255	1	1	0	7186	7186	0	0	0	255	0	255	1	1	0	6159	6159	0	255	0	255	0	255	1	1	0	0	0	0	0	0	0	0	0	0	0	0	0	0	0	0	0	0	0	0	0	0	0	0	0	0	0	0	0	0	0	0	0	0	0	0	0	0	0	0	0	0	0	0	0	0	0	0	0	0	0	0	0	0	0	0	3
26	2	603	0	0	610	611	0	600	0	0	1	1	10	65	100000	1	32	0	0	0	0	0	0	0	0	0	0	0	0	1049088	16781312	0	0	0	0	0	0	0	0	0	0	0	0	0	0	0	0	0	0	0	0	0	0	0	0	0	0	0	0	0	0	0	0	0	0	0	0	0	0	0	0	0	0	0	0	0	0	0	0	0	80	70	65	85	0	7185	7185	1	1	0	255	0	255	1	1	0	7186	7186	1	1	0	255	0	255	1	1	0	6159	6159	0	255	0	255	0	255	1	1	0	0	0	0	0	0	0	0	0	0	0	0	0	0	0	0	0	0	0	0	0	0	0	0	0	0	0	0	0	0	0	0	0	0	0	0	0	0	0	0	0	0	0	0	0	0	0	0	0	0	0	0	0	0	0	0	3
27	2	603	0	0	610	611	0	600	0	0	1	1	10	65	200000	1	32	0	0	0	0	0	0	0	0	0	0	0	0	0	0	0	0	0	0	0	0	0	0	0	0	0	0	0	0	0	0	0	0	0	0	0	0	0	0	0	0	0	0	0	0	0	0	0	0	0	0	0	0	0	0	0	0	0	0	0	0	0	0	0	80	70	65	85	0	7185	7185	2	2	0	255	0	255	1	1	0	7186	7186	2	2	0	255	0	255	1	1	0	6159	6159	0	255	0	255	0	255	1	1	0	0	0	0	0	0	0	0	0	0	0	0	0	0	0	0	0	0	0	0	0	0	0	0	0	0	0	0	0	0	0	0	0	0	0	0	0	0	0	0	0	0	0	0	0	0	0	0	0	0	0	0	0	0	0	0	3
28	2	603	0	0	610	611	0	600	0	0	1	1	10	65	400000	1	32	0	0	0	0	0	0	0	0	0	0	0	0	0	0	0	0	0	0	0	0	0	0	0	0	0	0	0	0	0	0	0	0	0	0	0	0	0	0	0	0	0	0	0	0	0	0	0	0	0	0	0	0	0	0	0	0	0	0	0	0	0	0	0	80	70	65	85	0	7185	7185	3	3	0	255	0	255	1	1	0	7186	7186	3	3	0	255	0	255	1	1	0	6159	6159	0	255	0	255	0	255	1	1	0	0	0	0	0	0	0	0	0	0	0	0	0	0	0	0	0	0	0	0	0	0	0	0	0	0	0	0	0	0	0	0	0	0	0	0	0	0	0	0	0	0	0	0	0	0	0	0	0	0	0	0	0	0	0	0	3
29	2	603	0	0	610	611	0	600	0	0	1	1	10	65	700000	1	32	0	0	0	0	0	0	0	0	0	0	0	0	0	0	0	0	0	0	0	0	0	0	0	0	0	0	0	0	0	0	0	0	0	0	0	0	0	0	0	0	0	0	0	0	0	0	0	0	0	0	0	0	0	0	0	0	0	0	0	0	0	0	0	80	70	65	85	0	7185	7185	4	4	0	255	0	255	1	1	0	7186	7186	4	4	0	255	0	255	1	1	0	6159	6159	0	255	0	255	0	255	1	1	0	0	0	0	0	0	0	0	0	0	0	0	0	0	0	0	0	0	0	0	0	0	0	0	0	0	0	0	0	0	0	0	0	0	0	0	0	0	0	0	0	0	0	0	0	0	0	0	0	0	0	0	0	0	0	0	3
30	2	603	0	0	610	611	0	600	0	0	1	1	10	65	1100000	1	32	0	0	0	0	0	0	0	0	0	0	0	0	0	0	0	0	0	0	0	0	0	0	0	0	0	0	0	0	0	0	0	0	0	0	0	0	0	0	0	0	0	0	0	0	0	0	0	0	0	0	0	0	0	0	0	0	0	0	0	0	0	0	0	70	70	65	85	0	7185	7185	5	5	0	255	0	255	1	1	0	7186	7186	5	5	0	255	0	255	1	1	0	6159	6159	0	255	0	255	0	255	1	1	0	0	0	0	0	0	0	0	0	0	0	0	0	0	0	0	0	0	0	0	0	0	0	0	0	0	0	0	0	0	0	0	0	0	0	0	0	0	0	0	0	0	0	0	0	0	0	0	0	0	0	0	0	0	0	0	3
31	2	603	0	0	610	611	0	600	0	0	1	1	10	65	1600000	1	32	0	0	0	0	0	0	0	0	0	0	0	0	0	0	0	0	0	0	0	0	0	0	0	0	0	0	0	0	0	0	0	0	0	0	0	0	0	0	0	0	0	0	0	0	0	0	0	0	0	0	0	0	0	0	0	0	0	0	0	0	0	0	0	70	70	65	85	0	7185	7185	6	6	0	255	0	255	1	1	0	7186	7186	6	6	0	255	0	255	1	1	0	6159	6159	0	255	0	255	0	255	1	1	0	0	0	0	0	0	0	0	0	0	0	0	0	0	0	0	0	0	0	0	0	0	0	0	0	0	0	0	0	0	0	0	0	0	0	0	0	0	0	0	0	0	0	0	0	0	0	0	0	0	0	0	0	0	0	0	3
32	2	603	0	0	610	611	0	600	0	0	1	1	10	65	2000000	1	32	0	0	0	0	0	0	0	0	0	0	0	0	0	0	0	0	0	0	0	0	0	0	0	0	0	0	0	0	0	0	0	0	0	0	0	0	0	0	0	0	1966592	16781312	0	0	0	0	0	0	0	0	0	0	0	0	0	0	0	0	0	0	0	0	0	70	70	65	85	0	7185	7185	7	7	0	255	0	255	1	1	0	7186	7186	7	7	0	255	0	255	1	1	0	6159	6159	0	255	0	255	0	255	1	1	0	0	0	0	0	0	0	0	0	0	0	0	0	0	0	0	0	0	0	0	0	0	0	0	0	0	0	0	0	0	0	0	0	0	0	0	0	0	0	0	0	0	0	0	0	0	0	0	0	0	0	0	0	0	0	0	3
33	24	1172	0	0	610	611	0	0	0	0	3	3	10	65	5000000	13	7	0	5	0	34	0	4	0	0	1249125376	6	0	1	0	7	0	5	0	35	0	4	0	0	1193033728	6	0	0	0	0	0	0	0	0	0	0	0	0	0	0	0	0	0	0	0	0	0	0	0	0	0	0	0	0	0	0	0	0	0	0	0	0	0	0	0	90	65	65	85	0	6144	6146	0	255	0	255	0	255	1	1	0	6670	6670	1	1	0	255	0	255	1	1	0	6159	6159	0	255	0	255	0	255	1	1	0	0	6143	4	255	0	255	0	255	0	255	1	0	0	0	0	0	0	0	0	0	0	0	0	0	0	0	0	0	0	0	0	0	0	0	0	0	0	0	0	0	0	0	0	0	0	0	0	0	0	0	0	0	0	0	0	4
34	24	1172	0	0	610	611	0	0	0	0	3	3	10	65	5000000	13	7	0	5	0	34	0	4	0	0	1249125376	6	0	1	0	7	0	5	0	35	0	4	0	0	1193033728	6	0	0	0	0	0	0	0	0	0	0	0	0	0	0	0	0	0	0	0	0	0	0	0	0	0	0	0	0	0	0	0	0	0	0	0	0	0	0	0	90	65	65	85	0	6185	6185	0	255	0	255	0	255	1	1	0	6670	6670	1	1	0	255	0	255	1	1	0	6159	6159	0	255	0	255	0	255	1	1	0	0	6143	4	255	0	255	0	255	0	255	1	0	0	0	0	0	0	0	0	0	0	0	0	0	0	0	0	0	0	0	0	0	0	0	0	0	0	0	0	0	0	0	0	0	0	0	0	0	0	0	0	0	0	0	0	4
35	25	1921	1412	0	610	611	0	0	0	0	1	1	10	65	0	1	32	0	0	0	0	0	0	0	0	0	0	0	0	0	0	0	0	0	0	0	0	0	0	0	0	0	0	0	0	0	0	0	0	0	0	0	0	0	0	0	0	0	0	0	0	0	0	0	0	0	0	0	0	0	0	0	0	0	0	0	0	0	0	0	70	65	65	85	0	6688	6688	0	255	0	255	0	20	1	1	0	6689	6689	0	255	0	255	0	20	1	1	0	6159	6159	0	255	0	255	0	255	1	1	0	0	0	0	0	0	0	0	0	0	0	0	0	0	0	0	0	0	0	0	0	0	0	0	0	0	0	0	0	0	0	0	0	0	0	0	0	0	0	0	0	0	0	0	0	0	0	0	0	0	0	0	0	0	0	0	3
36	26	1922	1412	0	610	611	0	0	0	0	2	2	10	65	0	1	32	0	0	0	0	0	0	0	0	0	0	0	0	0	0	0	0	0	0	0	0	0	0	0	0	0	0	0	0	0	0	0	0	0	0	0	0	0	0	0	0	0	0	0	0	0	0	0	0	0	0	0	0	0	0	0	0	0	0	0	0	0	0	0	50	65	65	85	0	6690	6690	0	255	0	255	0	10	1	1	0	6691	6691	0	255	0	255	0	255	5	5	0	6159	6159	0	255	0	255	0	255	1	1	0	0	0	0	0	0	0	0	0	0	0	0	0	0	0	0	0	0	0	0	0	0	0	0	0	0	0	0	0	0	0	0	0	0	0	0	0	0	0	0	0	0	0	0	0	0	0	0	0	0	0	0	0	0	0	0	3
37	27	1923	1412	0	610	611	0	0	0	0	2	2	10	65	10000000	1	32	0	0	0	0	0	0	0	0	0	0	0	0	0	0	0	0	0	0	0	0	0	0	0	0	0	0	0	0	0	0	0	0	0	0	0	0	0	0	0	0	0	0	0	0	0	0	0	0	0	0	0	0	0	0	0	0	0	0	0	0	0	0	0	30	65	65	85	0	6692	6692	0	255	0	255	0	255	1	1	0	7184	7184	0	255	0	255	0	255	3	3	0	6159	6159	0	255	0	255	0	255	1	1	0	0	0	0	0	0	0	0	0	0	0	0	0	0	0	0	0	0	0	0	0	0	0	0	0	0	0	0	0	0	0	0	0	0	0	0	0	0	0	0	0	0	0	0	0	0	0	0	0	0	0	0	0	0	0	0	3
38	28	1923	1863	1412	610	611	0	0	0	0	2	2	10	65	10000000	7	5	0	36	0	3	0	0	1120403456	6	0	4	0	0	1245125376	0	0	0	0	0	0	0	0	0	0	0	0	0	0	0	0	0	0	0	0	0	0	0	0	0	0	0	0	0	0	0	0	0	0	0	0	0	0	0	0	0	0	0	0	0	0	0	0	0	0	79	68	65	85	0	6693	6693	0	255	0	255	0	255	1	1	0	7184	7184	0	255	0	255	0	255	5	5	0	6159	6159	0	255	0	255	0	255	1	1	0	0	3071	4	255	4	255	0	255	1	255	0	0	0	0	0	0	0	0	0	0	0	0	0	0	0	0	0	0	0	0	0	0	0	0	0	0	0	0	0	0	0	0	0	0	0	0	0	0	0	0	0	0	0	0	0	4
39	28	1923	1864	1412	610	611	0	0	0	0	2	2	10	65	10000000	7	5	0	36	0	3	0	0	1120403456	6	0	4	0	0	1245125376	0	0	0	0	0	0	0	0	0	0	0	0	0	0	0	0	0	0	0	0	0	0	0	0	0	0	0	0	0	0	0	0	0	0	0	0	0	0	0	0	0	0	0	0	0	0	0	0	0	0	79	68	65	85	0	6693	6693	0	255	0	255	0	255	1	1	0	7184	7184	0	255	0	255	0	255	5	5	0	6159	6159	0	255	0	255	0	255	1	1	0	3072	6143	4	255	4	255	0	255	1	255	0	0	0	0	0	0	0	0	0	0	0	0	0	0	0	0	0	0	0	0	0	0	0	0	0	0	0	0	0	0	0	0	0	0	0	0	0	0	0	0	0	0	0	0	0	4
40	30	2038	1412	0	610	611	0	0	0	0	1	1	10	65	100000	1	32	0	0	0	0	0	0	0	0	0	0	0	0	0	0	0	0	0	0	0	0	0	0	0	0	0	0	0	0	0	0	0	0	0	0	0	0	0	0	0	0	0	0	0	0	0	0	0	0	0	0	0	0	0	0	0	0	0	0	0	0	0	0	0	50	65	65	85	0	7171	7171	0	255	0	255	0	255	3	3	0	0	0	0	0	0	0	0	0	0	0	0	0	0	0	0	0	0	0	0	0	0	0	0	0	0	0	0	0	0	0	0	0	0	0	0	0	0	0	0	0	0	0	0	0	0	0	0	0	0	0	0	0	0	0	0	0	0	0	0	0	0	0	0	0	0	0	0	0	0	0	0	0	0	0	0	0	0	1
41	31	2038	1412	0	610	611	0	0	0	0	1	1	10	65	500000	1	32	0	0	0	0	0	0	0	0	0	0	0	0	0	0	0	0	0	0	0	0	0	0	0	0	0	0	0	0	0	0	0	0	0	0	0	0	0	0	0	0	0	0	0	0	0	0	0	0	0	0	0	0	0	0	0	0	0	0	0	0	0	0	0	30	65	65	85	0	7206	7206	0	255	0	255	0	255	3	3	0	0	0	0	0	0	0	0	0	0	0	0	0	0	0	0	0	0	0	0	0	0	0	0	0	0	0	0	0	0	0	0	0	0	0	0	0	0	0	0	0	0	0	0	0	0	0	0	0	0	0	0	0	0	0	0	0	0	0	0	0	0	0	0	0	0	0	0	0	0	0	0	0	0	0	0	0	0	1
42	32	2038	1412	0	610	611	0	0	0	0	1	1	10	65	1000000	1	32	0	0	0	0	0	0	0	0	0	0	0	0	0	0	0	0	0	0	0	0	0	0	0	0	0	0	0	0	0	0	0	0	0	0	0	0	0	0	0	0	0	0	0	0	0	0	0	0	0	0	0	0	0	0	0	0	0	0	0	0	0	0	0	30	65	65	85	0	7207	7207	0	255	0	255	0	255	3	3	0	0	0	0	0	0	0	0	0	0	0	0	0	0	0	0	0	0	0	0	0	0	0	0	0	0	0	0	0	0	0	0	0	0	0	0	0	0	0	0	0	0	0	0	0	0	0	0	0	0	0	0	0	0	0	0	0	0	0	0	0	0	0	0	0	0	0	0	0	0	0	0	0	0	0	0	0	0	1
43	15	1413	1412	0	0	0	0	0	0	0	1	1	10	67	100000	1	32	0	0	0	0	0	0	0	0	0	0	0	0	0	0	0	0	0	0	0	0	0	0	0	0	0	0	0	0	0	0	0	0	0	0	0	0	0	0	0	0	0	0	0	0	0	0	0	0	0	0	0	0	0	0	0	0	0	0	0	0	0	0	0	100	65	85	85	0	7181	7181	0	255	0	255	0	255	1	25	0	0	0	0	0	0	0	0	0	0	0	0	0	0	0	0	0	0	0	0	0	0	0	0	0	0	0	0	0	0	0	0	0	0	0	0	0	0	0	0	0	0	0	0	0	0	0	0	0	0	0	0	0	0	0	0	0	0	0	0	0	0	0	0	0	0	0	0	0	0	0	0	0	0	0	0	0	0	1
44	16	1414	1412	0	0	0	0	0	0	0	1	1	10	67	50000	1	32	0	0	0	0	0	0	0	0	0	0	0	0	0	0	0	0	0	0	0	0	0	0	0	0	0	0	0	0	0	0	0	0	0	0	0	0	0	0	0	0	0	0	0	0	0	0	0	0	0	0	0	0	0	0	0	0	0	0	0	0	0	0	0	100	65	85	85	0	7182	7182	0	255	0	255	0	255	1	25	0	0	0	0	0	0	0	0	0	0	0	0	0	0	0	0	0	0	0	0	0	0	0	0	0	3801600	16781312	0	0	0	0	0	0	0	0	0	0	0	0	0	0	0	0	0	0	0	0	0	0	0	0	0	0	0	0	0	0	0	0	0	0	0	0	0	0	0	0	0	0	0	0	0	0	0	0	0	0	0	1
45	17	1415	1412	0	0	0	0	0	0	0	1	1	10	65	5000000	1	32	0	0	0	0	0	0	0	0	0	0	0	0	0	0	0	0	0	0	0	0	0	0	0	0	0	0	0	0	0	0	0	0	0	0	0	0	0	0	0	0	0	0	0	0	0	0	0	0	0	0	0	0	0	0	0	0	0	0	0	0	0	0	0	100	65	85	85	0	7181	7181	0	255	0	255	0	255	5	5	0	7182	7182	0	255	0	255	0	255	5	5	0	7199	7199	0	255	0	255	0	255	1	1	0	6159	6159	0	255	0	255	0	255	1	1	0	0	0	0	0	0	0	0	0	0	0	0	0	0	0	0	0	0	0	0	0	0	0	0	0	0	0	0	0	0	0	0	0	0	0	0	0	0	0	0	0	0	0	0	0	4
46	37	2396	1412	0	610	611	0	600	0	0	2	2	10	65	3000000	1	32	0	0	0	0	0	0	0	0	0	0	0	0	0	0	0	0	0	0	0	0	0	0	0	0	0	0	0	0	0	0	0	0	0	0	0	0	0	0	0	0	0	0	0	0	0	0	0	0	0	0	0	0	0	0	0	0	0	0	0	0	0	0	0	70	70	65	85	0	6705	6705	1	1	0	255	0	255	1	1	0	6706	6706	1	1	0	255	0	255	1	1	0	6159	6159	0	255	0	255	0	255	1	1	0	0	0	0	0	0	0	0	0	0	0	0	0	0	0	0	0	0	0	0	0	0	0	0	0	0	0	0	0	0	0	0	0	0	0	0	0	0	0	0	0	0	0	0	0	0	0	0	0	0	0	0	0	0	0	0	3
47	37	2396	1412	0	610	611	0	600	0	0	2	2	10	65	5000000	1	32	0	0	0	0	0	0	0	0	0	0	0	0	0	0	0	0	0	0	0	0	0	0	0	0	0	0	0	0	0	0	0	0	0	0	0	0	0	0	0	0	0	0	0	0	0	0	0	0	0	0	0	0	0	0	0	0	0	0	0	0	0	0	0	70	70	65	85	0	6705	6705	2	2	0	255	0	255	1	1	0	6706	6706	2	2	0	255	0	255	1	1	0	6159	6159	0	255	0	255	0	255	1	1	0	0	0	0	0	0	0	0	0	0	0	0	0	0	0	0	0	0	0	0	0	0	0	0	0	0	0	0	0	0	0	0	0	0	0	0	0	0	0	0	0	0	0	0	0	0	0	0	0	0	0	0	0	0	0	0	3
48	37	2396	1412	0	610	611	0	600	0	0	2	2	10	65	7000000	1	32	0	0	0	0	0	0	0	0	0	0	0	0	0	0	0	0	0	0	0	0	0	0	0	0	0	0	0	0	0	0	0	0	0	0	0	0	0	0	0	0	0	0	0	0	0	0	0	0	0	0	0	0	0	0	0	0	0	0	0	0	0	0	0	70	70	65	85	0	6705	6705	3	3	0	255	0	255	1	1	0	6706	6706	3	3	0	255	0	255	1	1	0	6159	6159	0	255	0	255	0	255	1	1	0	0	0	0	0	0	0	0	0	0	0	0	0	0	0	0	0	0	0	0	0	0	0	0	0	0	0	0	0	0	0	0	0	0	0	0	0	0	0	0	0	0	0	0	0	0	0	0	0	0	0	0	0	0	0	0	3
49	37	2396	1412	0	610	611	0	600	0	0	2	2	10	65	9000000	1	32	0	0	0	0	0	0	0	0	0	0	0	0	0	0	0	0	0	0	0	0	0	0	0	0	0	0	0	0	0	0	0	0	0	0	0	0	0	0	0	0	0	0	0	0	0	0	0	0	0	0	0	0	0	0	0	0	0	0	0	0	0	0	0	70	70	65	85	0	6705	6705	4	4	0	255	0	255	1	1	0	6706	6706	4	4	0	255	0	255	1	1	0	6159	6159	0	255	0	255	0	255	1	1	0	0	0	0	0	0	0	0	0	0	0	0	0	0	0	0	0	0	0	0	0	0	0	0	0	0	0	0	0	0	0	0	0	0	0	0	0	0	0	0	0	0	0	0	0	0	0	0	0	0	0	0	0	0	0	0	3
50	37	2396	1412	0	610	611	0	600	0	0	2	2	10	65	11000000	1	32	0	0	0	0	0	0	0	0	0	0	0	0	0	0	0	0	0	0	0	0	0	0	0	0	0	0	0	0	0	0	0	0	0	0	0	0	0	0	0	0	0	0	0	0	0	0	0	0	0	0	0	0	0	0	0	0	0	0	0	0	0	0	0	70	70	65	85	0	6705	6705	5	5	0	255	0	255	1	1	0	6706	6706	5	5	0	255	0	255	1	1	0	6159	6159	0	255	0	255	0	255	1	1	0	0	0	0	0	0	0	0	0	0	0	0	0	0	0	0	0	0	0	0	0	0	0	0	0	0	0	0	0	0	0	0	0	4719104	4096	256	0	0	0	0	0	0	0	0	0	0	0	0	0	0	0	0	0	0	0	0	3
51	37	2396	1412	0	610	611	0	600	0	0	2	2	10	65	13000000	1	32	0	0	0	0	0	0	0	0	0	0	0	0	0	0	0	0	0	0	0	0	0	0	0	0	0	0	0	0	0	0	0	0	0	0	0	0	0	0	0	0	0	0	0	0	0	0	0	0	0	0	0	0	0	0	0	0	0	0	0	0	0	0	0	70	70	65	85	0	6705	6705	6	6	0	255	0	255	1	1	0	6706	6706	6	6	0	255	0	255	1	1	0	6159	6159	0	255	0	255	0	255	1	1	0	0	0	0	0	0	0	0	0	0	0	0	0	0	0	0	0	0	0	0	0	0	0	0	0	0	0	0	0	0	0	0	0	0	0	0	0	0	0	0	0	0	0	0	0	0	0	0	0	0	0	0	0	0	0	0	3
52	38	1666	1412	0	610	611	0	0	0	0	2	1	10	66	200000	5	37	0	4	0	0	1217559552	1	0	0	1065353216	0	0	0	0	0	0	0	0	0	0	0	0	0	0	0	0	0	0	0	0	0	0	0	0	0	0	0	0	0	0	0	0	0	0	0	0	0	0	0	0	0	0	0	0	0	0	0	0	0	0	0	0	0	0	60	65	65	85	0	6147	6150	9	255	4	255	0	255	1	1	0	6159	6159	0	255	0	255	0	255	1	1	0	6175	6175	0	0	0	255	0	255	1	1	0	7190	7190	0	255	0	255	0	255	1	1	0	0	6143	7	255	4	255	0	255	1	255	4	0	0	0	0	0	0	0	0	0	0	0	0	0	0	0	0	0	0	0	0	0	0	0	0	0	0	0	0	0	0	0	0	0	5
53	38	1666	1412	0	610	611	0	0	0	0	2	1	10	66	200000	5	37	0	4	0	0	1217559552	1	0	0	1065353216	0	0	0	0	0	0	0	0	0	0	0	0	0	0	0	0	0	0	0	0	0	0	0	0	0	0	0	0	0	0	0	0	0	0	0	0	0	0	0	0	0	0	0	0	0	0	0	0	0	0	0	0	0	0	60	65	65	85	0	6686	6686	9	255	4	255	0	255	1	1	0	6159	6159	0	255	0	255	0	255	1	1	0	6175	6175	0	0	0	255	0	255	1	1	0	7190	7190	0	255	0	255	0	255	1	1	0	0	6143	7	255	4	255	0	255	1	255	4	0	0	0	0	0	0	0	0	0	0	0	0	0	0	0	0	0	0	0	0	0	0	0	0	0	0	0	0	0	0	0	0	0	5
54	38	1666	1412	0	610	611	0	0	0	0	2	1	10	66	200000	5	37	0	4	0	0	1217559552	1	0	0	1065353216	0	0	0	0	0	0	0	0	0	0	0	0	0	0	0	0	0	0	0	0	0	0	0	0	0	0	0	0	0	0	0	0	0	0	0	0	0	0	0	0	0	0	0	0	0	0	0	0	0	0	0	0	0	0	60	65	65	85	0	6186	6186	9	255	4	255	0	255	1	1	0	6159	6159	0	255	0	255	0	255	1	1	0	6175	6175	0	0	0	255	0	255	1	1	0	7190	7190	0	255	0	255	0	255	1	1	0	0	6143	7	255	4	255	0	255	1	255	4	0	0	0	0	0	0	0	0	0	0	0	0	0	0	0	0	0	0	0	0	0	0	0	0	0	0	0	0	0	0	0	0	0	5
55	38	1666	1412	0	610	611	0	0	0	0	2	1	10	66	200000	5	37	0	4	0	0	1217559552	1	0	0	1065353216	0	0	0	0	0	0	0	0	0	0	0	0	0	0	0	0	0	0	0	0	0	0	0	0	0	0	0	0	0	0	0	0	0	0	0	0	0	0	0	0	0	0	0	0	0	0	0	0	0	0	0	0	0	0	60	65	65	85	0	6193	6193	9	255	4	255	0	255	1	1	0	6159	6159	0	255	0	255	0	255	1	1	0	6175	6175	0	0	0	255	0	255	1	1	0	7190	7190	0	255	0	255	0	255	1	1	0	0	6143	7	255	4	255	0	255	1	255	4	0	0	0	0	0	0	0	0	0	0	0	0	0	0	0	0	0	0	0	0	0	0	0	0	0	0	0	0	0	0	0	0	0	5
56	39	1667	1412	0	610	611	0	0	0	0	5	4	10	66	200000	5	35	0	4	0	0	1245125376	1	0	0	1065353216	0	0	0	0	0	0	0	0	0	0	0	0	0	0	0	0	0	0	0	0	0	0	0	0	0	0	0	0	0	0	0	0	0	0	0	0	0	0	0	0	0	0	0	0	0	0	0	0	0	0	0	0	0	0	40	65	65	85	0	6709	6709	0	255	0	255	0	255	1	1	0	6708	6708	0	255	0	255	0	255	1	1	0	6159	6159	0	255	0	255	0	255	1	1	0	6174	6174	0	0	0	255	0	255	1	1	0	6175	6175	0	0	0	255	0	255	1	1	0	7190	7190	0	255	0	255	0	255	1	1	0	0	6143	9	255	4	255	0	255	1	255	1	0	0	0	0	0	0	0	0	0	0	0	7
57	46	2791	0	0	0	0	0	0	0	0	1	1	10	65	1000000	1	32	0	0	0	0	0	0	0	0	0	0	0	0	0	0	0	0	0	0	0	0	0	0	0	0	0	0	0	0	0	0	0	0	0	0	0	0	0	0	0	0	0	0	0	0	0	0	0	0	0	0	0	0	0	0	0	0	0	0	0	0	0	0	0	100	65	85	85	0	7271	7271	0	255	0	255	0	255	1	1	0	7272	7272	0	255	0	255	0	255	1	1	0	7273	7273	0	255	0	255	0	255	1	1	0	7274	7274	0	255	0	255	0	255	1	1	0	7275	7275	0	255	0	255	0	255	1	1	0	7276	7276	0	255	0	255	0	255	1	1	0	0	0	0	0	0	0	0	0	0	0	0	0	0	0	0	0	0	0	0	0	0	0	6
58	47	2881	0	0	0	0	0	0	0	0	2	2	1	65	0	1	32	0	0	0	0	0	0	0	0	0	0	0	0	0	0	0	0	0	0	0	0	0	0	0	0	0	0	0	0	0	0	0	0	0	0	0	0	0	0	0	0	0	0	0	0	0	0	0	0	0	0	0	0	0	0	0	0	0	0	0	0	0	0	0	100	65	85	85	0	7281	7281	0	255	0	255	0	255	1	1	0	7289	7289	0	255	0	255	0	255	1	1	0	0	0	0	0	0	0	0	0	0	0	0	0	0	0	0	0	0	0	0	0	0	0	0	0	0	0	0	0	0	0	0	0	0	0	0	0	0	0	0	0	0	0	0	0	0	0	0	0	0	0	0	0	0	0	0	0	0	0	0	0	0	0	0	0	0	0	2
59	47	2882	0	0	0	0	0	0	0	0	2	2	1	65	0	1	32	0	0	0	0	0	0	0	0	0	0	0	0	0	0	0	0	0	0	0	0	0	0	0	0	0	0	0	0	0	0	0	0	0	0	0	0	0	0	0	0	0	0	0	0	0	0	0	0	0	0	0	0	0	0	0	0	0	0	0	0	0	0	0	100	65	85	85	0	7280	7280	0	255	0	255	0	255	1	1	0	7290	7290	0	255	0	255	0	255	1	1	0	0	0	0	0	0	0	0	0	0	0	0	0	0	0	0	0	0	0	0	0	0	0	0	0	0	0	0	0	0	0	0	0	0	0	0	0	0	0	0	0	0	0	0	0	0	0	0	0	0	0	0	0	0	0	0	0	0	0	0	0	0	0	0	0	0	0	2
60	80	3177	0	0	610	611	0	0	0	0	5	4	10	66	200000	5	35	0	4	0	0	1245125376	1	0	0	1065353216	0	0	0	0	0	0	0	0	0	0	0	0	0	0	0	0	0	0	0	0	0	0	0	0	0	0	0	0	0	0	0	0	0	0	0	0	0	0	0	0	0	0	0	0	0	0	0	0	0	0	0	0	0	0	40	65	65	85	0	7348	7348	0	255	0	255	0	255	1	1	0	7349	7349	0	255	0	255	0	255	1	1	0	6159	6159	0	255	0	255	0	255	1	1	0	7350	7350	0	255	0	255	0	255	1	1	0	7351	7351	0	255	0	255	0	255	1	1	0	7352	7352	0	255	0	255	0	255	1	1	0	7318	7318	0	255	0	255	0	255	1	1	0	0	0	0	0	0	0	0	0	0	0	0	7
61	58	3468	0	0	594	611	0	0	0	0	4	4	10	66	20600	5	35	0	4	0	0	1217559552	1	0	0	1065353216	0	0	0	0	0	0	0	0	0	0	0	0	0	0	0	0	0	0	0	0	0	0	0	0	0	0	0	0	0	0	0	0	0	0	0	0	0	0	0	0	0	0	0	0	0	0	0	0	0	0	0	0	0	0	60	65	65	85	0	6285	6285	2	2	0	255	0	255	1	1	0	6174	6174	2	2	0	255	0	255	1	1	0	6175	6175	2	2	0	255	0	255	1	1	0	6281	6281	2	2	0	255	0	255	1	1	0	6821	6821	0	255	0	255	0	255	1	1	0	6822	6822	0	255	0	255	0	255	1	1	0	6823	6823	0	255	0	255	0	255	1	1	0	6824	6824	0	255	0	255	0	255	1	1	0	8
62	151	3160	3161	3166	3160	3161	3167	0	0	0	2	2	10	66	1000	5	35	0	4	0	0	1189765120	1	0	0	1065353216	0	0	0	0	0	0	0	0	0	0	0	0	0	0	0	0	0	0	0	0	0	0	0	0	0	0	0	0	0	0	0	0	0	0	0	0	0	0	0	0	0	0	0	0	0	0	0	0	0	0	0	0	0	0	100	65	0	85	0	6159	6159	0	255	0	255	0	255	1	1	0	6829	6829	0	255	0	255	0	255	1	1	0	6174	6174	2	2	0	255	0	255	1	1	0	6175	6175	2	2	0	255	0	255	1	1	0	7190	7190	0	255	0	255	0	255	1	1	0	3690	3698	11	255	16	255	0	255	1	1	0	0	0	0	0	0	0	0	0	0	0	0	0	0	0	0	0	0	0	0	0	0	0	6
63	151	3160	3162	3166	3160	3162	3167	0	0	0	3	2	10	66	1000	5	35	0	4	0	0	1189765120	1	0	0	1065353216	0	0	0	0	0	0	0	0	0	0	0	0	0	0	0	0	0	0	0	0	0	0	0	0	0	0	0	0	0	0	0	0	0	0	0	0	0	0	0	0	0	0	0	0	0	0	0	0	0	0	0	0	0	0	100	65	0	85	0	6159	6159	0	255	0	255	0	255	1	1	0	6829	6829	0	255	0	255	0	255	1	1	0	6174	6174	2	2	0	255	0	255	1	1	0	6175	6175	2	2	0	255	0	255	1	1	0	7190	7190	0	255	0	255	0	255	1	1	0	4202	4211	11	255	16	255	0	255	1	1	0	0	0	0	0	0	0	0	0	0	0	0	0	0	0	0	0	0	0	0	0	0	0	6
64	151	3160	3163	3166	3160	3163	3167	0	0	0	2	2	10	66	1000	5	35	0	4	0	0	1189765120	1	0	0	1065353216	0	0	0	0	0	0	0	0	0	0	0	0	0	0	0	0	0	0	0	0	0	0	0	0	0	0	0	0	0	0	0	0	0	0	0	0	0	0	0	0	0	0	0	0	0	0	0	0	0	0	0	0	0	0	100	65	0	85	0	6159	6159	0	255	0	255	0	255	1	1	0	6829	6829	0	255	0	255	0	255	1	1	0	6174	6174	2	2	0	255	0	255	1	1	0	6175	6175	2	2	0	255	0	255	1	1	0	7190	7190	0	255	0	255	0	255	1	1	0	4714	4723	11	255	16	255	0	255	1	1	0	0	0	0	0	0	0	0	0	0	0	0	0	0	0	0	0	0	0	0	0	0	0	6
65	151	3160	3164	3166	3160	3164	3167	0	0	0	2	2	10	66	1000	5	35	0	4	0	0	1189765120	1	0	0	1065353216	0	0	0	0	0	0	0	0	0	0	0	0	0	0	0	0	0	0	0	0	0	0	0	0	0	0	0	0	0	0	0	0	0	0	0	0	0	0	0	0	0	0	0	0	0	0	0	0	0	0	0	0	0	0	100	65	0	85	0	6159	6159	0	255	0	255	0	255	1	1	0	6829	6829	0	255	0	255	0	255	1	1	0	6174	6174	2	2	0	255	0	255	1	1	0	6175	6175	2	2	0	255	0	255	1	1	0	7190	7190	0	255	0	255	0	255	1	1	0	5226	5235	11	255	16	255	0	255	1	1	0	0	0	0	0	0	0	0	0	0	0	0	0	0	0	0	0	0	0	0	0	0	0	6
66	151	3160	3165	3166	3160	3165	3167	0	0	0	2	2	10	66	1000	5	35	0	4	0	0	1189765120	1	0	0	1065353216	0	0	0	0	0	0	0	0	0	0	0	0	0	0	0	0	0	0	0	0	0	0	0	0	0	0	0	0	0	0	0	0	0	0	0	0	0	0	0	0	0	0	0	0	0	0	0	0	0	0	0	0	0	0	100	65	0	85	0	6159	6159	0	255	0	255	0	255	1	1	0	6829	6829	0	255	0	255	0	255	1	1	0	6174	6174	2	2	0	255	0	255	1	1	0	6175	6175	2	2	0	255	0	255	1	1	0	7190	7190	0	255	0	255	0	255	1	1	0	5738	5747	11	255	16	255	0	255	1	1	0	0	0	0	0	0	0	0	0	0	0	0	0	0	0	0	0	0	0	0	0	0	0	6
67	150	3160	3164	3166	3160	3164	3167	0	0	0	2	2	10	66	1000	5	35	0	0	0	0	1189765120	1	0	0	1065353216	0	0	0	0	0	0	0	0	0	0	0	0	0	0	0	0	0	0	0	0	0	0	0	0	0	0	0	0	0	0	0	0	0	0	0	0	0	0	0	0	0	0	0	0	0	0	0	0	0	0	0	0	0	0	100	65	0	85	0	6159	6159	0	255	0	255	0	255	1	1	0	6831	6831	0	255	0	255	0	255	1	1	0	6174	6174	2	2	0	255	0	255	1	1	0	6175	6175	2	2	0	255	0	255	1	1	0	7190	7190	0	255	0	255	0	255	1	1	0	3734	3740	11	255	16	255	0	255	1	1	0	0	0	0	0	0	0	0	0	0	0	0	0	0	0	0	0	0	0	0	0	0	0	6
68	150	3160	3164	3166	3160	3164	3167	0	0	0	2	2	10	66	1000	5	35	0	0	0	0	1189765120	1	0	0	1065353216	0	0	0	0	0	0	0	0	0	0	0	0	0	0	0	0	0	0	0	0	0	0	0	0	0	0	0	0	0	0	0	0	0	0	0	0	0	0	0	0	0	0	0	0	0	0	0	0	0	0	0	0	0	0	100	65	0	85	0	6159	6159	0	255	0	255	0	255	1	1	0	6831	6831	0	255	0	255	0	255	1	1	0	6174	6174	2	2	0	255	0	255	1	1	0	6175	6175	2	2	0	255	0	255	1	1	0	7190	7190	0	255	0	255	0	255	1	1	0	4246	4252	11	255	16	255	0	255	1	1	0	0	0	0	0	0	0	0	0	0	0	0	0	0	0	0	0	0	0	0	0	0	0	6
69	150	3160	3164	3166	3160	3164	3167	0	0	0	2	2	10	66	1000	5	35	0	0	0	0	1189765120	1	0	0	1065353216	0	0	0	0	0	0	0	0	0	0	0	0	0	0	0	0	0	0	0	0	0	0	0	0	0	0	0	0	0	0	0	0	0	0	0	0	0	0	0	0	0	0	0	0	0	0	0	0	0	0	0	0	0	0	100	65	0	85	0	6159	6159	0	255	0	255	0	255	1	1	0	6831	6831	0	255	0	255	0	255	1	1	0	6174	6174	2	2	0	255	0	255	1	1	0	6175	6175	2	2	0	255	0	255	1	1	0	7190	7190	0	255	0	255	0	255	1	1	0	4758	4764	11	255	16	255	0	255	1	1	0	0	0	0	0	0	0	0	0	0	0	0	0	0	0	0	0	0	0	0	0	0	0	6
70	150	3160	3164	3166	3160	3164	3167	0	0	0	2	2	10	66	1000	5	35	0	0	0	0	1189765120	1	0	0	1065353216	0	0	0	0	0	0	0	0	0	0	0	0	0	0	0	0	0	0	0	0	0	0	0	0	0	0	0	0	0	0	0	0	0	0	0	0	0	0	0	0	0	0	0	0	0	0	0	0	0	0	0	0	0	0	100	65	0	85	0	6159	6159	0	255	0	255	0	255	1	1	0	6831	6831	0	255	0	255	0	255	1	1	0	6174	6174	2	2	0	255	0	255	1	1	0	6175	6175	2	2	0	255	0	255	1	1	0	7190	7190	0	255	0	255	0	255	1	1	0	5270	5276	11	255	16	255	0	255	1	1	0	0	0	0	0	0	0	0	0	0	0	0	0	0	0	0	0	0	0	0	0	0	0	6
71	150	3160	3164	3166	3160	3164	3167	0	0	0	2	2	10	66	1000	5	35	0	0	0	0	1189765120	1	0	0	1065353216	0	0	0	0	0	0	0	0	0	0	0	0	0	0	0	0	0	0	0	0	0	0	0	0	0	0	0	0	0	0	0	0	0	0	0	0	0	0	0	0	0	0	0	0	0	0	0	0	0	0	0	0	0	0	100	65	0	85	0	6159	6159	0	255	0	255	0	255	1	1	0	6831	6831	0	255	0	255	0	255	1	1	0	6174	6174	2	2	0	255	0	255	1	1	0	6175	6175	2	2	0	255	0	255	1	1	0	7190	7190	0	255	0	255	0	255	1	1	0	5782	5788	11	255	16	255	0	255	1	1	0	0	0	0	0	0	0	0	0	0	0	0	0	0	0	0	0	0	0	0	0	0	0	6
72	148	3160	3164	3166	3160	3164	3167	0	0	0	2	2	10	66	1000	5	35	0	0	0	0	1189765120	1	0	0	1065353216	0	0	0	0	0	0	0	0	0	0	0	0	0	0	0	0	0	0	0	0	0	0	0	0	0	0	0	0	0	0	0	0	0	0	0	0	0	0	0	0	0	0	0	0	0	0	0	0	0	0	0	0	0	0	100	65	0	85	0	6159	6159	0	255	0	255	0	255	1	1	0	6809	6809	0	255	0	255	0	255	1	1	0	6174	6174	2	2	0	255	0	255	1	1	0	6175	6175	2	2	0	255	0	255	1	1	0	7190	7190	0	255	0	255	0	255	1	1	0	3722	3728	11	255	16	255	0	255	1	1	0	0	0	0	0	0	0	0	0	0	0	0	0	0	0	0	0	0	0	0	0	0	0	6
73	148	3160	3164	3166	3160	3164	3167	0	0	0	2	2	10	66	1000	5	35	0	0	0	0	1189765120	1	0	0	1065353216	0	0	0	0	0	0	0	0	0	0	0	0	0	0	0	0	0	0	0	0	0	0	0	0	0	0	0	0	0	0	0	0	0	0	0	0	0	0	0	0	0	0	0	0	0	0	0	0	0	0	0	0	0	0	100	65	0	85	0	6159	6159	0	255	0	255	0	255	1	1	0	6809	6809	0	255	0	255	0	255	1	1	0	6174	6174	2	2	0	255	0	255	1	1	0	6175	6175	2	2	0	255	0	255	1	1	0	7190	7190	0	255	0	255	0	255	1	1	0	3722	3728	11	255	16	255	0	255	1	1	0	0	0	0	0	0	0	0	0	0	0	0	0	0	0	0	0	0	0	0	0	0	0	6
74	148	3160	3164	3166	3160	3164	3167	0	0	0	2	2	10	66	1000	5	35	0	0	0	0	1189765120	1	0	0	1065353216	0	0	0	0	0	0	0	0	0	0	0	0	0	0	0	0	0	0	0	0	0	0	0	0	0	0	0	0	0	0	0	0	0	0	0	0	0	0	0	0	0	0	0	0	0	0	0	0	0	0	0	0	0	0	100	65	0	85	0	6159	6159	0	255	0	255	0	255	1	1	0	6809	6809	0	255	0	255	0	255	1	1	0	6174	6174	2	2	0	255	0	255	1	1	0	6175	6175	2	2	0	255	0	255	1	1	0	7190	7190	0	255	0	255	0	255	1	1	0	4234	4240	11	255	16	255	0	255	1	1	0	0	0	0	0	0	0	0	0	0	0	0	0	0	0	0	0	0	0	0	0	0	0	6
75	148	3160	3164	3166	3160	3164	3167	0	0	0	2	2	10	66	1000	5	35	0	0	0	0	1189765120	1	0	0	1065353216	0	0	0	0	0	0	0	0	0	0	0	0	0	0	0	0	0	0	0	0	0	0	0	0	0	0	0	0	0	0	0	0	0	0	0	0	0	0	0	0	0	0	0	0	0	0	0	0	0	0	0	0	0	0	100	65	0	85	0	6159	6159	0	255	0	255	0	255	1	1	0	6809	6809	0	255	0	255	0	255	1	1	0	6174	6174	2	2	0	255	0	255	1	1	0	6175	6175	2	2	0	255	0	255	1	1	0	7190	7190	0	255	0	255	0	255	1	1	0	4746	4752	11	255	16	255	0	255	1	1	0	0	0	0	0	0	0	0	0	0	0	0	0	0	0	0	0	0	0	0	0	0	0	6
76	148	3160	3164	3166	3160	3164	3167	0	0	0	2	2	10	66	1000	5	35	0	0	0	0	1189765120	1	0	0	1065353216	0	0	0	0	0	0	0	0	0	0	0	0	0	0	0	0	0	0	0	0	0	0	0	0	0	0	0	0	0	0	0	0	0	0	0	0	0	0	0	0	0	0	0	0	0	0	0	0	0	0	0	0	0	0	100	65	0	85	0	6159	6159	0	255	0	255	0	255	1	1	0	6809	6809	0	255	0	255	0	255	1	1	0	6174	6174	2	2	0	255	0	255	1	1	0	6175	6175	2	2	0	255	0	255	1	1	0	7190	7190	0	255	0	255	0	255	1	1	0	5258	5264	11	255	16	255	0	255	1	1	0	0	0	0	0	0	0	0	0	0	0	0	0	0	0	0	0	0	0	0	0	0	0	6
77	148	3160	3164	3166	3160	3164	3167	0	0	0	2	2	10	66	1000	5	35	0	0	0	0	1189765120	1	0	0	1065353216	0	0	0	0	0	0	0	0	0	0	0	0	0	0	0	0	0	0	0	0	0	0	0	0	0	0	0	0	0	0	0	0	0	0	0	0	0	0	0	0	0	0	0	0	0	0	0	0	0	0	0	0	0	0	100	65	0	85	0	6159	6159	0	255	0	255	0	255	1	1	0	6809	6809	0	255	0	255	0	255	1	1	0	6174	6174	2	2	0	255	0	255	1	1	0	6175	6175	2	2	0	255	0	255	1	1	0	7190	7190	0	255	0	255	0	255	1	1	0	5770	5776	11	255	16	255	0	255	1	1	0	0	0	0	0	0	0	0	0	0	0	0	0	0	0	0	0	0	0	0	0	0	0	6
end
1
0	1	736	0	0	588	589	590	588	589	590	5	4	10	66	10000	3	33	0	4	0	0	1184645120	0	0	0	0	0	0	0	0	0	0	0	0	0	0	0	0	0	0	0	0	0	0	0	0	0	0	0	0	0	0	0	0	0	0	0	0	0	0	0	0	0	0	0	0	0	0	0	0	0	0	0	0	0	0	0	0	0	0	100	66	85	85	0	0	6143	4	255	4	255	0	255	1	255	0	6159	6159	0	255	0	255	0	255	1	255	0	7182	7182	0	255	0	255	0	255	0	255	0	7181	7181	0	255	0	255	0	255	0	255	0	0	0	0	0	0	0	0	0	0	0	0	0	0	0	0	0	0	0	0	0	0	0	0	0	0	0	0	0	0	0	0	0	0	0	0	0	0	0	0	0	0	0	0	0	4
end
2
0	36	2194	1412	0	0	0	0	0	0	0	-1	-1	10	65	10000000	14	0	1112014848	1	0	7	0	5	0	5	0	38	0	2	0	0	1082130432	6	0	4	0	0	1077936128	6	0	3	0	0	1092616192	0	0	0	0	0	0	0	0	0	0	0	0	0	0	0	0	0	0	0	0	0	0	0	0	0	0	0	0	0	0	0	0	0	0	0	0	70	67	85	85	0	0	6143	4	255	4	255	0	255	1	1	2	7199	7199	0	255	0	255	0	255	1	1	0	7210	7210	0	255	0	255	0	255	1	1	0	0	0	0	0	0	0	0	0	0	0	0	0	0	0	0	0	0	0	0	0	0	0	0	0	0	0	0	0	0	0	0	0	0	0	0	0	0	0	0	0	0	0	0	0	0	0	0	0	0	0	0	0	0	0	0	3
end
3
0	18	1640	0	0	0	0	0	0	0	0	4	5	10	65	1000000000	1	32	0	0	0	0	0	0	0	0	0	0	0	0	0	0	0	0	0	0	0	0	0	0	0	0	0	0	0	0	0	0	0	0	0	0	0	0	0	0	0	0	0	0	0	0	0	0	0	0	0	0	0	0	0	0	0	0	0	0	0	0	0	0	0	100	65	85	85	0	7199	7199	0	255	0	255	0	255	30	30	0	6174	6174	2	2	0	255	0	255	1	1	0	6175	6175	2	2	0	255	0	255	1	1	0	0	0	0	0	0	0	0	0	0	0	0	0	0	0	0	0	0	0	0	0	0	0	0	0	0	0	0	0	0	0	0	0	0	0	0	0	0	0	0	0	0	0	0	0	0	0	0	0	0	0	0	0	0	0	0	3
end
4
0	14	1214	1212	0	0	0	0	0	0	0	1	1	1	65	1000000	1	32	0	0	0	0	0	0	0	0	0	0	0	0	0	0	1114624	16781312	0	0	0	0	0	0	0	0	0	0	0	0	0	0	0	0	0	0	0	0	0	0	0	0	0	0	0	0	0	0	0	0	0	0	0	0	0	0	0	0	0	0	0	0	0	0	0	60	65	65	85	0	6687	6687	1	1	0	255	0	255	1	1	0	7181	7181	0	255	0	255	0	255	2	2	0	7182	7182	0	255	0	255	0	255	2	2	0	7190	7190	0	255	0	255	0	255	1	1	0	6159	6159	0	255	0	255	0	255	1	1	0	0	0	0	0	0	0	0	0	0	0	0	0	0	0	0	0	0	0	0	0	0	0	0	0	0	0	0	0	0	0	0	0	0	5
1	13	1187	1212	0	0	0	0	0	0	0	1	1	1	65	5000000	1	32	0	0	0	0	0	0	0	0	0	0	0	0	0	0	0	0	0	0	0	0	0	0	0	0	0	0	0	0	0	0	0	0	0	0	0	0	0	0	0	0	0	0	0	0	0	0	0	0	0	0	0	0	0	0	0	0	0	0	0	0	0	0	0	60	65	65	85	0	6687	6687	0	0	0	255	0	255	1	1	0	7181	7181	0	255	0	255	0	255	5	5	0	7182	7182	0	255	0	255	0	255	5	5	0	7190	7190	0	255	0	255	0	255	1	1	0	6159	6159	0	255	0	255	0	255	1	1	0	0	0	0	0	0	0	0	0	0	0	0	0	0	0	0	0	0	0	0	0	0	0	0	0	0	0	0	0	0	0	0	0	0	5
end
5
0	34	2061	0	0	0	0	0	2222	0	0	1	1	1	65	0	1	32	0	0	0	0	0	0	0	0	0	0	0	0	0	0	0	0	0	0	0	0	0	0	0	0	0	0	0	0	0	0	0	0	0	0	0	0	0	0	0	0	0	0	0	0	0	0	0	0	0	0	0	0	0	0	0	0	0	0	0	0	0	0	0	50	71	85	85	0	0	6143	0	255	0	255	0	255	1	1	1	0	0	0	0	0	0	0	0	0	0	0	0	0	0	0	0	0	0	0	0	0	0	0	0	0	0	0	0	0	0	0	0	0	0	0	0	0	0	0	0	0	0	0	0	0	0	0	0	0	0	0	0	0	0	0	0	0	0	0	0	0	0	0	0	0	0	0	0	0	0	0	0	0	0	0	0	0	1
1	34	2061	0	0	0	0	0	2222	0	0	1	1	1	65	0	1	32	0	0	0	0	0	0	0	0	0	0	0	0	0	0	0	0	0	0	0	0	0	0	0	0	0	0	0	0	0	0	0	0	0	0	0	0	0	0	0	0	0	0	0	0	0	0	0	0	0	0	0	0	0	0	0	0	0	0	0	0	0	0	0	20	71	85	85	0	0	6143	0	255	0	255	0	255	1	1	0	0	0	0	0	0	0	0	0	0	0	0	0	0	0	0	0	0	0	0	0	0	0	0	0	0	0	0	0	0	0	0	0	0	0	0	0	0	0	0	0	0	0	0	0	0	0	0	0	0	0	0	0	0	0	0	0	0	0	0	0	0	0	0	0	0	0	0	0	0	0	0	0	0	0	0	0	0	1
end
6
0	35	1550	2336	2062	0	0	0	0	0	0	-1	-1	1	68	0	1	32	0	0	0	0	0	0	0	0	0	0	0	0	0	0	0	0	0	0	0	0	0	0	0	0	0	0	0	0	0	0	0	0	0	0	0	0	0	0	0	0	0	0	0	0	0	0	0	0	0	0	0	0	0	0	0	0	0	0	0	0	0	0	0	100	65	85	85	0	0	6143	0	255	0	255	0	255	1	1	8	0	0	0	0	0	0	0	0	0	0	0	0	0	0	0	0	0	0	0	0	0	0	0	0	0	0	0	0	0	0	0	0	0	0	0	0	0	0	0	0	0	0	0	0	0	0	0	0	0	0	0	0	0	0	0	0	0	0	0	0	0	0	0	0	0	0	0	0	0	0	0	0	0	0	0	0	0	1
end
7
0	33	2203	0	0	0	0	0	0	0	0	1	1	1	65	0	1	32	0	0	0	0	0	0	0	0	0	0	0	0	0	0	0	0	0	0	0	0	0	0	0	0	0	0	0	0	0	0	0	0	0	0	0	0	0	0	0	0	0	0	0	0	0	0	0	0	0	0	0	0	0	0	0	0	0	0	0	0	0	0	0	80	65	85	85	0	7209	7209	0	255	0	255	0	255	1	1	0	0	0	0	0	0	0	0	0	0	0	0	0	0	0	0	0	0	0	0	0	0	0	0	0	0	0	0	0	0	0	0	0	0	0	0	0	0	0	0	0	0	0	0	0	0	0	0	0	0	0	0	0	0	0	0	0	0	0	0	0	0	0	0	0	0	0	0	0	0	0	0	0	0	0	0	0	0	1
end
8
0	40	2265	0	0	2261	2263	2267	0	0	0	2	4	1	65	0	1	32	0	0	0	0	0	0	0	0	0	0	0	0	0	0	0	0	0	0	0	0	0	0	0	0	0	0	0	0	0	0	0	0	0	0	0	0	0	0	0	0	0	0	2032128	16781312	0	0	0	0	0	0	0	0	0	0	0	0	0	0	0	0	0	0	0	100	65	85	85	0	7263	7263	0	255	0	255	0	255	1	1	0	0	0	0	0	0	0	0	0	0	0	0	0	0	0	0	0	0	0	0	0	0	0	0	0	0	0	0	0	0	0	0	0	0	0	0	0	0	0	0	0	0	0	0	0	0	0	0	0	0	0	0	0	0	0	0	0	0	0	0	0	0	0	0	0	0	0	0	0	0	0	0	0	0	0	0	0	0	1
1	40	2265	0	0	2261	2263	2267	0	0	0	2	4	1	65	0	1	32	0	0	0	0	0	0	0	0	0	0	0	0	0	0	0	0	0	0	0	0	0	0	0	0	0	0	0	0	0	0	0	0	0	0	0	0	0	0	0	0	0	0	0	0	0	0	0	0	0	0	0	0	0	0	0	0	0	0	0	0	0	0	0	100	65	85	85	0	7222	7222	0	255	0	255	0	255	1	1	0	0	0	0	0	0	0	0	0	0	0	0	0	0	0	0	0	0	0	0	0	0	0	0	0	0	0	0	0	0	0	0	0	0	0	0	0	0	0	0	0	0	0	0	0	0	0	0	0	0	0	0	0	0	0	0	0	0	0	0	0	0	0	0	0	0	0	0	0	0	0	0	0	0	0	0	0	0	1
2	40	2265	0	0	2261	2263	2267	0	0	0	2	4	1	65	0	1	32	0	0	0	0	0	0	0	0	0	0	0	0	0	0	0	0	0	0	0	0	0	0	0	0	0	0	0	0	0	0	0	0	0	0	0	0	0	0	0	0	0	0	0	0	0	0	0	0	0	0	0	0	0	0	0	0	0	0	0	0	0	0	0	100	65	85	85	0	7260	7260	0	255	0	255	0	255	1	1	0	0	0	0	0	0	0	0	0	0	0	0	0	0	0	0	0	0	0	0	0	0	0	0	0	0	0	0	0	0	0	0	0	0	0	0	0	0	0	0	0	0	0	0	0	0	0	0	0	0	0	0	0	0	0	0	0	0	0	0	0	0	0	0	0	0	0	0	0	0	0	0	0	0	0	0	0	0	1
3	40	2265	0	0	2261	2263	2267	0	0	0	2	4	1	65	0	1	32	0	0	0	0	0	0	0	0	0	0	0	0	0	0	0	0	0	0	0	0	0	0	0	0	0	0	0	0	0	0	0	0	0	0	0	0	0	0	0	0	0	0	0	0	0	0	0	0	0	0	0	0	0	0	0	0	0	0	0	0	0	0	0	100	65	85	85	0	7261	7261	0	255	0	255	0	255	1	1	0	0	0	0	0	0	0	0	0	0	0	0	0	0	0	0	0	0	0	0	0	0	0	0	0	0	0	0	0	0	0	0	0	0	0	0	0	0	0	0	0	0	0	0	0	0	0	0	0	0	0	0	0	0	0	0	0	0	0	0	0	0	0	0	0	0	0	0	0	0	0	0	0	0	0	0	0	0	1
end
9
0	41	2560	0	0	0	0	0	0	0	0	2	4	1	65	0	1	32	0	0	0	0	0	0	0	0	0	0	0	0	0	0	0	0	0	0	0	0	0	0	0	0	0	0	0	0	0	0	0	0	0	0	0	0	0	0	0	0	0	0	0	0	0	0	0	0	0	0	0	0	0	0	0	0	0	0	0	0	0	0	0	100	65	85	85	0	7258	7258	0	255	0	255	0	255	255	255	0	0	0	0	0	0	0	0	0	0	0	0	0	0	0	0	0	0	0	0	0	0	0	0	0	0	0	0	0	0	0	0	0	0	0	0	0	0	0	0	0	0	0	0	0	0	0	0	0	0	0	0	0	0	0	0	0	0	0	0	0	0	0	0	0	0	0	0	0	0	0	0	0	0	0	0	0	0	1
1	41	2560	0	0	0	0	0	0	0	0	2	4	1	65	0	1	32	0	0	0	0	0	0	0	0	0	0	0	0	0	0	0	0	0	0	0	0	0	0	0	0	0	0	0	0	0	0	0	0	0	0	0	0	0	0	0	0	0	0	0	0	0	0	0	0	0	0	0	0	0	0	0	0	0	0	0	0	0	0	0	100	65	85	85	0	7257	7257	0	255	0	255	0	255	30	30	0	0	0	0	0	0	0	0	0	0	0	0	0	0	0	0	0	0	0	0	0	0	0	0	0	0	0	0	0	0	0	0	0	0	0	0	0	0	0	0	0	0	0	0	0	0	0	0	0	0	0	0	0	0	0	0	0	0	0	0	0	0	0	0	0	0	0	0	0	0	0	0	0	0	0	0	0	0	1
2	41	2560	0	0	0	0	0	0	0	0	2	4	1	65	0	1	32	0	0	0	0	0	0	0	0	0	0	0	0	0	0	0	0	0	0	0	0	0	0	0	0	0	0	0	0	0	0	0	0	0	0	0	0	0	0	0	0	0	0	0	0	0	0	0	0	0	0	0	0	0	0	0	0	0	0	0	0	0	0	0	100	65	85	85	0	7256	7256	0	255	0	255	0	255	10	10	0	0	0	0	0	0	0	0	0	0	0	0	0	0	0	0	0	0	0	0	0	0	0	0	0	0	0	0	0	0	0	0	0	0	0	0	0	0	0	0	0	0	0	0	0	0	0	0	0	0	0	0	0	0	0	0	0	0	0	0	0	0	0	0	0	0	0	0	0	0	0	0	0	0	0	0	0	0	1
end
10
0	42	2664	0	0	0	0	0	0	0	0	1	1	10	65	1000000	9	0	1117782016	1	0	5	0	35	0	1	0	37	0	6	0	4	0	0	1212370944	0	0	0	0	0	0	0	0	0	0	0	0	0	0	0	0	0	0	0	0	0	0	0	0	0	0	0	0	0	0	0	0	0	0	0	0	0	0	0	0	0	0	0	0	0	0	90	65	85	85	0	0	6143	4	255	0	255	0	255	1	1	1	0	6143	4	255	0	255	0	255	1	1	4	7210	7210	0	255	0	255	0	255	1	1	0	6159	6159	0	255	0	255	0	255	1	1	0	7190	7190	0	255	0	255	0	255	1	1	0	0	0	0	0	0	0	0	0	0	0	0	0	0	0	0	0	0	0	0	0	0	0	0	0	0	0	0	0	0	0	0	0	0	5
end
11
0	43	2665	0	0	0	0	0	0	0	0	1	1	10	65	1000000	5	0	1117782016	1	0	39	0	4	0	0	1212370944	0	0	0	0	0	0	0	0	0	0	0	0	0	0	0	0	0	0	0	0	0	0	0	0	0	0	0	0	0	0	0	0	0	0	0	0	0	0	0	0	0	0	0	0	0	0	0	0	0	0	0	0	0	0	90	65	85	85	0	6204	6209	0	255	0	255	0	255	1	1	0	6214	6218	0	255	0	255	0	255	1	1	0	6159	6159	0	255	0	255	0	255	1	1	0	7190	7190	0	255	0	255	0	255	1	1	0	0	0	0	0	0	0	0	0	0	0	0	0	0	0	0	0	0	0	0	0	0	0	0	0	0	0	0	0	0	0	0	0	0	0	0	0	0	0	0	0	0	0	0	0	4
end
12
0	44	2669	0	0	0	0	0	0	0	0	-1	-1	10	65	1000000	1	32	0	0	0	0	0	0	0	0	0	0	0	0	0	0	0	0	0	0	0	0	0	0	0	0	0	0	0	0	0	0	0	0	0	0	0	0	0	0	0	0	0	0	0	0	0	0	0	0	0	0	0	0	0	0	0	0	0	0	0	0	0	0	0	100	72	85	85	0	0	3071	0	255	0	255	0	255	1	1	16	6244	6272	0	255	0	255	0	255	1	1	0	6159	6159	0	255	0	255	0	255	1	1	0	7190	7190	0	255	0	255	0	255	1	1	0	0	0	0	0	0	0	0	0	0	0	0	0	0	0	0	0	0	0	0	0	0	0	0	0	0	0	0	0	0	0	0	0	0	0	0	0	0	0	0	0	0	0	0	0	4
1	44	2669	0	0	0	0	0	0	0	0	-1	-1	10	65	1000000	1	32	0	0	0	0	0	0	0	0	0	0	0	0	0	0	0	0	0	0	0	0	0	0	0	0	0	0	0	0	0	0	0	0	0	0	0	0	0	0	0	0	0	0	0	0	0	0	0	0	0	0	0	0	0	0	0	0	0	0	0	0	0	0	0	100	73	85	85	0	3072	6143	0	255	0	255	0	255	1	1	16	6245	6273	0	255	0	255	0	255	1	1	0	6159	6159	0	255	0	255	0	255	1	1	0	7190	7190	0	255	0	255	0	255	1	1	0	0	0	0	0	0	0	0	0	0	0	0	0	0	0	0	0	0	0	0	0	0	0	0	0	0	0	0	0	0	0	0	0	0	0	0	0	0	0	0	0	0	0	0	0	4
end
13
0	45	2670	0	0	0	0	0	0	0	0	-1	-1	10	65	1000000	1	32	0	0	0	0	0	0	0	0	0	0	0	0	0	0	0	0	0	0	0	0	0	0	0	0	0	0	0	0	0	0	0	0	0	0	0	0	0	0	0	0	0	0	0	0	0	0	0	0	0	0	0	0	0	0	0	0	0	0	0	0	0	0	0	100	65	85	85	0	0	6143	0	255	0	255	0	255	1	1	16	0	0	0	0	0	0	0	0	0	0	0	0	0	0	0	0	0	0	0	0	0	0	0	0	0	0	0	0	0	0	0	0	0	0	0	0	0	0	0	0	0	0	0	0	0	0	0	0	0	0	0	0	0	0	0	0	0	0	0	0	0	0	0	0	0	0	0	0	0	0	0	0	0	0	0	0	0	1
end
