309	2 3 -1 -1 -1 -1 -1 -1 -1 -1 0
340	6 7 8 -1 -1 -1 -1 -1 -1 -1 0
341	11 -1 -1 -1 -1 -1 -1 -1 -1 -1 0
344	9 -1 -1 -1 -1 -1 -1 -1 -1 -1 0
345	10 -1 -1 -1 -1 -1 -1 -1 -1 -1 0
349	12 13 -1 -1 -1 -1 -1 -1 -1 -1 0
355	-1 14 -1 -1 -1 -1 -1 -1 -1 -1 0
358	-1 15 -1 -1 -1 -1 -1 -1 -1 -1 0
359	-1 16 -1 -1 -1 -1 -1 -1 -1 -1 0
360	-1 17 -1 -1 -1 -1 -1 -1 -1 -1 0
361	18 19 20 21 -1 -1 -1 -1 -1 -1 0
362	23 24 -1 -1 -1 -1 -1 -1 -1 -1 0
363	23 24 -1 -1 -1 -1 -1 -1 -1 -1 0
364	25 26 -1 -1 -1 -1 -1 -1 -1 -1 0
388	28 27 -1 -1 -1 -1 -1 -1 -1 -1 0
391	28 27 -1 -1 -1 -1 -1 -1 -1 -1 0
394	28 27 -1 -1 -1 -1 -1 -1 -1 -1 0
397	28 27 -1 -1 -1 -1 -1 -1 -1 -1 0
400	28 27 -1 -1 -1 -1 -1 -1 -1 -1 0
403	28 27 -1 -1 -1 -1 -1 -1 -1 -1 0
412	8 -1 -1 -1 -1 -1 -1 -1 -1 -1 0
440	8 -1 -1 -1 -1 -1 -1 -1 -1 -1 0
454	29 -1 -1 -1 -1 -1 -1 -1 -1 -1 0
455	30 -1 -1 -1 -1 -1 -1 -1 -1 -1 0
456	31 -1 -1 -1 -1 -1 -1 -1 -1 -1 0
457	32 -1 -1 -1 -1 -1 -1 -1 -1 -1 0
458	33 -1 -1 -1 -1 -1 -1 -1 -1 -1 0
459	37 34 35 36 38 39 40 41 42 -1 0
504	67 64 65 66 -1 -1 -1 -1 -1 -1 0
505	-1 55 61 -1 -1 -1 -1 -1 -1 -1 0
506	-1 60 52 -1 -1 -1 -1 -1 -1 -1 0
507	-1 62 63 -1 -1 -1 -1 -1 -1 -1 0
508	-1 57 58 -1 -1 -1 -1 -1 -1 -1 0
509	-1 60 61 -1 -1 -1 -1 -1 -1 -1 0
510	-1 58 60 -1 -1 -1 -1 -1 -1 -1 0
511	-1 58 60 -1 -1 -1 -1 -1 -1 -1 0
512	-1 47 48 -1 -1 -1 -1 -1 -1 -1 0
513	-1 47 49 -1 -1 -1 -1 -1 -1 -1 0
514	-1 47 50 -1 -1 -1 -1 -1 -1 -1 0
515	-1 51 52 -1 -1 -1 -1 -1 -1 -1 0
516	-1 47 53 -1 -1 -1 -1 -1 -1 -1 0
517	-1 54 55 56 -1 -1 -1 -1 -1 -1 0
518	-1 44 45 -1 -1 -1 -1 -1 -1 -1 0
519	-1 46 -1 -1 -1 -1 -1 -1 -1 -1 0
551	-1 68 -1 -1 -1 -1 -1 -1 -1 -1 0
552	-1 69 -1 -1 -1 -1 -1 -1 -1 -1 0
553	-1 70 -1 -1 -1 -1 -1 -1 -1 -1 0
556	-1 71 -1 -1 -1 -1 -1 -1 -1 -1 0
557	-1 72 -1 -1 -1 -1 -1 -1 -1 -1 0
558	-1 73 -1 -1 -1 -1 -1 -1 -1 -1 0
559	-1 74 -1 -1 -1 -1 -1 -1 -1 -1 0
560	-1 72 -1 -1 -1 -1 -1 -1 -1 -1 0
562	-1 75 -1 -1 -1 -1 -1 -1 -1 -1 0
563	-1 76 -1 -1 -1 -1 -1 -1 -1 -1 0
565	-1 77 -1 -1 -1 -1 -1 -1 -1 -1 0
566	78 79 80 81 -1 -1 -1 -1 -1 -1 0
600	237 79 80 81 -1 -1 -1 -1 -1 -1 0
end